Netlogomodel&data/dec.asc
ncols         538
nrows         625
xllcorner     13971.229991268
yllcorner     307553.43172548
cellsize      499.15082271881
NODATA_value  -9999
[rows 29 to 57 of 625, columns 384 to 447 of 538]
-9999 -9999 -9999 -9999 -9999 -9999 -9999 -9999 -9999 -9999 -9999 -9999 -9999 -9999 -9999 -9999 -9999 -9999 -9999 -9999 -9999 -9999 -9999 -9999 -9999 -9999 -9999 -9999 -9999 -9999 -9999 -9999 -9999 -9999 -9999 -9999 -9999 -9999 -9999 -9999 -9999 -9999 0.4212736 0.4181138 0.4149228 0.4117043 0.4084618 0.405199 0.4019194 0.3986266 0.395324 0.3920152 0.3887035 0.3853923 0.382085 0.3787846 0.3754944 0.3722173 0.3689563 0.3657143 0.3624939 0.3592979 0.3561287 0.3529887
-9999 -9999 -9999 -9999 -9999 -9999 -9999 -9999 -9999 -9999 -9999 -9999 -9999 -9999 -9999 -9999 -9999 -9999 -9999 -9999 -9999 -9999 -9999 -9999 -9999 -9999 -9999 -9999 -9999 -9999 -9999 -9999 -9999 -9999 -9999 0.4403166 0.4374406 0.4345092 0.4315257 0.4284934 0.425416 0.4222967 0.4191393 0.4159473 0.4127243 0.4094741 0.4062001 0.4029062 0.3995959 0.3962728 0.3929405 0.3896025 0.3862622 0.3829232 0.3795887 0.3762619 0.3729461 0.3696443 0.3663594 0.3630945 0.3598522 0.3566352 0.3534461 0.3502872
-9999 -9999 -9999 -9999 -9999 -9999 -9999 -9999 -9999 -9999 -9999 -9999 -9999 -9999 -9999 -9999 -9999 -9999 -9999 -9999 -9999 -9999 -9999 -9999 -9999 -9999 -9999 -9999 -9999 -9999 0.4518965 0.4493132 0.4466592 0.4439374 0.4411506 0.4383019 0.4353943 0.4324312 0.4294159 0.4263518 0.4232424 0.4200913 0.4169021 0.4136784 0.410424 0.4071425 0.4038377 0.4005133 0.3971729 0.3938202 0.3904588 0.3870924 0.3837243 0.3803582 0.3769973 0.3736449 0.3703044 0.3669787 0.3636709 0.360384 0.3571207 0.3538837 0.3506756 0.3474989
-9999 -9999 -9999 -9999 -9999 -9999 -9999 -9999 -9999 -9999 -9999 -9999 0.4826839 0.4816245 0.4804746 -9999 -9999 -9999 -9999 -9999 -9999 -9999 -9999 -9999 -9999 -9999 -9999 0.4573157 0.4549305 0.452467 0.4499274 0.4473142 0.4446301 0.4418778 0.4390602 0.4361804 0.4332417 0.4302472 0.4272005 0.4241048 0.4209639 0.4177814 0.4145608 0.411306 0.4080207 0.4047086 0.4013735 0.3980192 0.3946494 0.3912678 0.3878781 0.3844839 0.3810889 0.3776964 0.37431 0.3709329 0.3675685 0.3642198 0.36089 0.357582 0.3542987 0.3510426 0.3478166 0.344623
-9999 -9999 0.4870982 0.4868621 0.4865489 0.4861568 0.4856838 0.4851283 0.4844885 0.4837632 0.4829507 0.4820501 0.4810601 0.47998 0.478809 0.4775465 -9999 -9999 -9999 -9999 -9999 -9999 -9999 -9999 -9999 0.4599076 0.4576578 0.455325 0.4529113 0.4504188 0.4478499 0.4452069 0.4424928 0.4397101 0.4368619 0.4339514 0.4309817 0.4279561 0.4248782 0.4217515 0.4185795 0.415366 0.4121146 0.4088292 0.4055135 0.4021713 0.3988066 0.3954231 0.3920245 0.3886147 0.3851975 0.3817764 0.3783551 0.3749371 0.371526 0.3681251 0.3647377 0.361367 0.3580161 0.354688 0.3513856 0.3481115 0.3448686 0.3416591
0.4858473 0.485742 0.4855637 0.4853101 0.4849791 0.4845688 0.4840773 0.4835029 0.4828439 0.4820988 0.4812663 0.480345 0.4793341 0.4782324 0.4770395 0.4757546 0.4743774 0.4729077 -9999 -9999 -9999 -9999 -9999 -9999 0.4600562 0.4578638 0.4555862 0.4532252 0.4507829 0.4482614 0.445663 0.4429904 0.4402463 0.4374334 0.4345548 0.4316137 0.4286133 0.4255571 0.4224484 0.4192909 0.4160883 0.4128442 0.4095626 0.406247 0.4029016 0.3995301 0.3961363 0.3927242 0.3892977 0.3858605 0.3824164 0.3789691 0.3755224 0.3720798 0.3686449 0.365221 0.3618116 0.3584198 0.3550488 0.3517016 0.3483811 0.34509 0.3418311 0.3386069
0.484257 0.4841337 0.4839369 0.4836646 0.4833146 0.482885 0.482374 0.4817795 0.4811002 0.4803344 0.4794808 0.4785381 0.4775053 0.4763814 0.4751656 0.4738576 0.4724568 0.470963 0.4693763 0.4676969 -9999 -9999 -9999 0.4600632 0.4579304 0.4557104 0.4534048 0.4510154 0.4485444 0.4459938 0.4433661 0.4406639 0.4378899 0.435047 0.4321382 0.4291668 0.426136 0.4230494 0.4199103 0.4167225 0.4134897 0.4102156 0.4069041 0.4035591 0.4001845 0.3967841 0.393362 0.3899221 0.3864683 0.3830044 0.3795342 0.3760617 0.3725904 0.3691241 0.3656662 0.3622203 0.3587897 0.3553778 0.3519877 0.3486223 0.3452848 0.3419778 0.3387041 0.3354662
0.482577 0.4824342 0.4822178 0.4819255 0.4815554 0.4811053 0.4805735 0.479958 0.4792573 0.4784698 0.4775942 0.4766291 0.4755735 0.4744264 0.4731872 0.4718552 0.47043 0.4689116 0.4672998 0.4655948 0.4637972 0.4619074 0.4599264 0.4578551 0.4556948 0.4534469 0.4511131 0.4486953 0.4461954 0.4436157 0.4409587 0.4382269 0.4354232 0.4325504 0.4296116 0.4266101 0.4235493 0.4204325 0.4172634 0.4140457 0.4107832 0.4074796 0.4041388 0.4007649 0.3973616 0.3939332 0.3904834 0.3870164 0.383536 0.3800462 0.3765508 0.3730537 0.3695588 0.3660695 0.3625896 0.3591226 0.3556719 0.3522408 0.3488325 0.3454502 0.3420966 0.3387748 0.3354873 0.3322368
0.4808073 0.4806437 0.4804064 0.480093 0.4797014 0.4792297 0.478676 0.4780384 0.4773152 0.476505 0.4756063 0.4746179 0.4735386 0.4723675 0.471104 0.4697473 0.4682971 0.4667533 0.4651157 0.4633847 0.4615606 0.4596441 0.4576359 0.4555371 0.4533491 0.4510731 0.4487109 0.4462644 0.4437356 0.4411268 0.4384405 0.4356792 0.4328458 0.4299433 0.4269747 0.4239434 0.4208528 0.4177063 0.4145075 0.4112604 0.4079685 0.4046359 0.4012664 0.3978641 0.3944329 0.390977 0.3875003 0.3840068 0.3805006 0.3769856 0.3734659 0.3699452 0.3664273 0.3629161 0.3594151 0.355928 0.3524581 0.3490089 0.3455835 0.3421851 0.3388166 0.335481 0.3321808 0.3289188
0.4789483 0.4787627 0.4785031 0.4781673 0.4777531 0.4772586 0.4766818 0.4760209 0.4752742 0.4744402 0.4735174 0.4725047 0.4714008 0.4702049 0.4689161 0.467534 0.4660581 0.4644881 0.4628243 0.4610666 0.4592155 0.4572717 0.455236 0.4531094 0.4508932 0.4485889 0.4461982 0.4437228 0.4411651 0.4385271 0.4358114 0.4330207 0.4301578 0.4272256 0.4242275 0.4211666 0.4180464 0.4148705 0.4116426 0.4083663 0.4050457 0.4016846 0.3982869 0.3948568 0.3913983 0.3879156 0.3844125 0.3808934 0.3773621 0.3738229 0.3702795 0.366736 0.3631962 0.3596639 0.3561428 0.3526365 0.3491484 0.3456821 0.3422406 0.3388272 0.3354449 0.3320965 0.3287849 0.3255125
0.4770006 0.4767917 0.4765085 0.476149 0.4757109 0.4751923 0.4745913 0.473906 0.4731346 0.4722758 0.471328 0.4702899 0.4691605 0.4679388 0.4666241 0.4652157 0.4637133 0.4621166 0.4604257 0.4586407 0.4567622 0.4547906 0.4527269 0.4505721 0.4483275 0.4459946 0.4435751 0.4410708 0.4384839 0.4358166 0.4330716 0.4302515 0.4273592 0.4243976 0.4213701 0.4182799 0.4151305 0.4119255 0.4086687 0.4053638 0.4020149 0.3986257 0.3952005 0.3917432 0.388258 0.3847491 0.3812205 0.3776764 0.3741209 0.3705581 0.3669919 0.3634265 0.3598657 0.3563132 0.3527729 0.3492484 0.3457431 0.3422606 0.3388041 0.3353768 0.3319817 0.3286218 0.3252997 0.3220182
0.4749649 0.4747312 0.4744232 0.4740387 0.4735756 0.4730317 0.4724052 0.4716943 0.4708972 0.4700125 0.4690385 0.4679742 0.4668183 0.46557 0.4642284 0.4627929 0.4612632 0.4596391 0.4579205 0.4561077 0.4542011 0.4522013 0.4501092 0.4479258 0.4456525 0.4432906 0.440842 0.4383086 0.4356925 0.432996 0.4302216 0.4273722 0.4244505 0.4214597 0.4184029 0.4152836 0.4121053 0.4088716 0.4055863 0.4022532 0.3988764 0.3954598 0.3920075 0.3885236 0.3850124 0.3814779 0.3779244 0.3743562 0.3707772 0.3671916 0.3636036 0.3600171 0.3564361 0.3528644 0.3493059 0.3457641 0.3422427 0.3387451 0.3352746 0.3318345 0.3284277 0.3250573 0.321726 0.3184364
0.4728422 0.4725825 0.4722483 0.4718375 0.471348 0.4707776 0.4701245 0.4693868 0.4685629 0.4676511 0.46665 0.4655584 0.4643751 0.4630992 0.4617298 0.4602665 0.4587088 0.4570564 0.4553095 0.4534683 0.451533 0.4495045 0.4473835 0.4451711 0.4428687 0.4404777 0.4379998 0.4354371 0.4327916 0.4300658 0.4272621 0.4243833 0.4214324 0.4184124 0.4153266 0.4121785 0.4089715 0.4057094 0.402396 0.3990352 0.395631 0.3921874 0.3887086 0.3851987 0.381662 0.3781027 0.3745251 0.3709334 0.3673317 0.3637242 0.3601151 0.3565085 0.3529082 0.3493182 0.3457424 0.3421844 0.3386478 0.3351361 0.3316527 0.3282008 0.3247835 0.3214037 0.3180642 0.3147677
0.4706336 0.4703465 0.4699849 0.4695465 0.4690293 0.4684312 0.4677503 0.4669847 0.4661327 0.4651929 0.4641636 0.4630436 0.4618319 0.4605275 0.4591295 0.4576375 0.456051 0.4543697 0.4525938 0.4507235 0.448759 0.4467013 0.4445509 0.4423092 0.4399773 0.4375568 0.4350494 0.4324572 0.4297822 0.4270269 0.4241939 0.4212858 0.4183057 0.4152567 0.4121421 0.4089653 0.40573 0.4024399 0.3990988 0.3957106 0.3922794 0.3888094 0.3853046 0.3817693 0.3782079 0.3746244 0.3710234 0.3674089 0.3637853 0.3601567 0.3565274 0.3529014 0.3492828 0.3456754 0.3420833 0.33851 0.3349592 0.3314345 0.3279393 0.3244767 0.3210499 0.3176618 0.3143153 0.3110131
0.4683405 0.4680246 0.4676342 0.467167 0.4666209 0.4659938 0.4652839 0.4644892 0.4636081 0.462639 0.4615805 0.4604312 0.4591901 0.4578562 0.4564288 0.4549072 0.4532911 0.4515803 0.4497747 0.4478746 0.4458804 0.4437928 0.4416127 0.4393411 0.4369794 0.4345291 0.431992 0.4293701 0.4266655 0.4238807 0.4210182 0.4180808 0.4150716 0.4119938 0.4088505 0.4056453 0.402382 0.3990641 0.3956956 0.3922805 0.3888228 0.3853268 0.3817966 0.3782366 0.3746509 0.371044 0.3674202 0.3637837 0.360139 0.3564901 0.3528414 0.3491969 0.3455608 0.3419371 0.3383296 0.334742 0.3311781 0.3276414 0.3241353 0.3206631 0.3172279 0.3138327 0.3104804 0.3071736
0.4659643 0.4656184 0.4651979 0.4647005 0.4641243 0.463467 0.4627268 0.4619019 0.4609905 0.4599912 0.4589023 0.4577227 0.4564513 0.455087 0.4536293 0.4520773 0.4504308 0.4486895 0.4468535 0.4449231 0.4428986 0.4407807 0.4385703 0.4362684 0.4338766 0.4313962 0.4288291 0.4261772 0.4234429 0.4206284 0.4177364 0.4147699 0.4117316 0.408625 0.4054532 0.4022199 0.3989287 0.3955834 0.3921879 0.3887463 0.3852626 0.3817411 0.3781861 0.3746018 0.3709926 0.3673629 0.3637169 0.3600592 0.3563941 0.3527257 0.3490584 0.3453964 0.3417437 0.3381045 0.3344825 0.3308816 0.3273056 0.3237579 0.320242 0.3167613 0.3133188 0.3099176 0.3065605 0.3032502
0.4635068 0.4631295 0.4626776 0.4621489 0.4615412 0.4608525 0.460081 0.4592246 0.4582818 0.4572511 0.4561309 0.4549199 0.4536172 0.4522217 0.4507326 0.4491494 0.4474717 0.4456994 0.4438323 0.4418708 0.4398154 0.4376666 0.4354254 0.433093 0.4306705 0.4281597 0.4255623 0.4228804 0.4201161 0.4172719 0.4143504 0.4113546 0.4082874 0.405152 0.4019519 0.3986907 0.3953719 0.3919995 0.3885773 0.3851096 0.3816003 0.3780539 0.3744745 0.3708665 0.3672343 0.3635824 0.3599151 0.3562369 0.3525521 0.348865 0.34518 0.3415012 0.3378329 0.334179 0.3305435 0.3269303 0.3233431 0.3197855 0.3162609 0.3127726 0.3093239 0.3059178 0.3025571 0.2992444
0.4609699 0.46056 0.4600754 0.459514 0.4588737 0.4581524 0.4573482 0.4564593 0.4554841 0.4544208 0.4532682 0.4520249 0.4506899 0.4492621 0.4477409 0.4461257 0.444416 0.4426118 0.440713 0.4387198 0.4366329 0.4344527 0.4321803 0.4298167 0.4273633 0.4248217 0.4221938 0.4194815 0.4166871 0.413813 0.410862 0.4078369 0.4047408 0.4015768 0.3983486 0.3950595 0.3917134 0.3883142 0.3848657 0.3813722 0.3778378 0.3742669 0.3706636 0.3670326 0.363378 0.3597046 0.3560166 0.3523185 0.3486148 0.3449098 0.3412078 0.3375132 0.33383 0.3301624 0.3265144 0.3228898 0.3192924 0.3157257 0.3121934 0.3086987 0.3052449 0.3018349 0.2984716 0.2951578
0.4583558 0.4579118 0.4573933 0.456798 0.4561239 0.4553688 0.4545308 0.4536082 0.4525993 0.4515026 0.4503165 0.4490398 0.4476716 0.4462107 0.4446565 0.4430083 0.4412659 0.4394291 0.4374978 0.4354724 0.4333533 0.4311412 0.428837 0.4264418 0.4239571 0.4213845 0.4187257 0.4159828 0.4131581 0.4102541 0.4072734 0.4042191 0.401094 0.3979016 0.3946453 0.3913286 0.3879555 0.3845297 0.3810552 0.3775363 0.3739772 0.3703822 0.3667556 0.363102 0.3594257 0.3557313 0.3520232 0.3483061 0.3445841 0.340862 0.3371439 0.3334341 0.329737 0.3260566 0.3223969 0.3187618 0.3151551 0.3115806 0.3080415 0.3045414 0.3010835 0.2976707 0.294306 0.2909921
0.4556665 0.4551874 0.4546337 0.4540033 0.4532941 0.452504 0.4516312 0.4506738 0.4496302 0.4484988 0.4472782 0.4459673 0.4445648 0.4430698 0.4414818 0.4397999 0.438024 0.4361538 0.4341893 0.432131 0.4299791 0.4277346 0.4253981 0.422971 0.4204546 0.4178505 0.4151606 0.4123869 0.4095317 0.4065976 0.4035872 0.4005035 0.3973496 0.3941288 0.3908445 0.3875004 0.3841004 0.3806483 0.3771482 0.3736043 0.3700208 0.3664022 0.3627528 0.3590771 0.3553796 0.3516649 0.3479374 0.3442017 0.3404624 0.3367237 0.3329903 0.3292663 0.325556 0.3218636 0.3181931 0.3145485 0.3109335 0.3073519 0.3038072 0.3003027 0.2968416 0.2934271 0.290062 0.2867491
0.4529047 0.4523891 0.4517991 0.4511324 0.4503869 0.4495607 0.4486518 0.4476585 0.4465791 0.4454121 0.4441561 0.4428098 0.4413722 0.4398423 0.4382195 0.4365031 0.4346929 0.4327886 0.4307904 0.4286984 0.4265133 0.4242356 0.4218664 0.4194069 0.4168584 0.4142225 0.4115012 0.4086964 0.4058106 0.4028462 0.3998061 0.396693 0.3935102 0.390261 0.3869489 0.3835776 0.3801509 0.3766727 0.3731473 0.3695787 0.3659713 0.3623295 0.3586577 0.3549604 0.3512423 0.3475078 0.3437615 0.340008 0.3362519 0.3324975 0.3287494 0.3250119 0.3212893 0.3175858 0.3139054 0.3102521 0.3066298 0.3030421 0.2994926 0.2959847 0.2925215 0.2891063 0.2857419 0.282431
0.4500728 0.4495196 0.448892 0.4481879 0.447405 0.4465415 0.4455956 0.4445653 0.4434491 0.4422455 0.440953 0.4395704 0.4380968 0.4365311 0.4348727 0.433121 0.4312756 0.4293365 0.4273038 0.4251776 0.4229586 0.4206474 0.418245 0.4157526 0.4131715 0.4105035 0.4077505 0.4049145 0.4019978 0.399003 0.3959329 0.3927905 0.3895788 0.3863013 0.3829615 0.379563 0.3761099 0.3726059 0.3690553 0.3654624 0.3618314 0.3581668 0.3544731 0.3507547 0.3470164 0.3432627 0.3394983 0.3357276 0.3319553 0.3281859 0.324424 0.3206737 0.3169396 0.3132257 0.3095362 0.3058752 0.3022464 0.2986535 0.2951002 0.2915897 0.2881255 0.2847106 0.2813478 0.27804
0.4471737 0.4465817 0.4459154 0.4451726 0.4443513 0.4434495 0.4424654 0.4413971 0.440243 0.4390018 0.4376719 0.4362521 0.4347416 0.4331392 0.4314443 0.4296565 0.4277754 0.4258008 0.4237329 0.4215719 0.4193184 0.4169731 0.414537 0.4120112 0.4093973 0.4066969 0.4039118 0.4010442 0.3980965 0.3950712 0.3919711 0.3887992 0.3855586 0.3822528 0.3788853 0.3754599 0.3719804 0.3684509 0.3648755 0.3612585 0.3576042 0.3539172 0.350202 0.3464631 0.3427051 0.3389328 0.3351507 0.3313634 0.3275757 0.3237919 0.3200167 0.3162545 0.3125095 0.3087861 0.3050884 0.3014204 0.2977859 0.2941888 0.2906325 0.2871206 0.2836562 0.2802425 0.2768824 0.2735786
0.4442101 0.4435783 0.4428722 0.4420897 0.4412289 0.4402877 0.4392643 0.438157 0.4369642 0.4356843 0.4343161 0.4328583 0.4313098 0.42967 0.427938 0.4261132 0.4241956 0.4221848 0.420081 0.4178846 0.4155961 0.4132161 0.4107458 0.4081863 0.4055391 0.4028059 0.3999885 0.3970891 0.3941101 0.3910541 0.3879239 0.3847225 0.381453 0.378119 0.3747239 0.3712716 0.367766 0.3642111 0.3606111 0.3569703 0.3532931 0.3495841 0.3458477 0.3420886 0.3383115 0.334521 0.3307218 0.3269186 0.3231159 0.3193185 0.3155307 0.3117572 0.3080022 0.30427 0.3005648 0.2968906 0.2932513 0.2896507 0.2860924 0.2825798 0.2791162 0.2757047 0.2723482 0.2690495
0.4411852 0.4405124 0.4397655 0.4389423 0.4380409 0.4370593 0.4359957 0.4348484 0.4336158 0.4322965 0.430889 0.4293922 0.4278052 0.426127 0.424357 0.4224946 0.4205397 0.4184921 0.4163519 0.4141194 0.4117953 0.4093802 0.4068752 0.4042816 0.4016007 0.3988343 0.3959843 0.3930529 0.3900425 0.3869556 0.3837951 0.3805641 0.3772657 0.3739034 0.3704809 0.3670018 0.3634701 0.35989 0.3562656 0.3526013 0.3489016 0.3451708 0.3414137 0.3376349 0.3338391 0.3300309 0.3262151 0.3223964 0.3185795 0.3147689 0.3109693 0.3071851 0.3034207 0.2996805 0.2959686 0.292289 0.2886457 0.2850425 0.2814829 0.2779705 0.2745085 0.2711001 0.2677481 0.2644554
0.4381022 0.4373874 0.4365986 0.4357337 0.4347907 0.4337678 0.432663 0.4314748 0.4302015 0.4288417 0.4273942 0.4258576 0.4242311 0.4225138 0.4207051 0.4188044 0.4168116 0.4147264 0.4125492 0.4102801 0.4079199 0.4054691 0.4029291 0.4003008 0.3975859 0.394786 0.3919031 0.3889394 0.3858973 0.3827794 0.3795886 0.3763279 0.3730005 0.36961 0.36616 0.3626542 0.3590967 0.3554915 0.351843 0.3481555 0.3444333 0.3406812 0.3369038 0.3331056 0.3292914 0.3254661 0.3216342 0.3178006 0.3139699 0.3101468 0.3063359 0.3025417 0.2987686 0.295021 0.291303 0.2876188 0.2839722 0.2803672 0.2768072 0.2732958 0.2698363 0.2664318 0.2630852 0.2597994
0.4349642 0.4342065 0.4333748 0.4324673 0.4314818 0.4304165 0.4292697 0.4280397 0.4267249 0.4253239 0.4238354 0.4222583 0.4205916 0.4188344 0.4169862 0.4150465 0.4130151 0.4108919 0.408677 0.4063707 0.4039738 0.401487 0.3989114 0.3962481 0.3934988 0.3906651 0.3877491 0.3847528 0.3816788 0.3785298 0.3753085 0.372018 0.3686616 0.3652429 0.3617654 0.358233 0.3546498 0.3510197 0.3473472 0.3436366 0.3398924 0.3361192 0.3323217 0.3285045 0.3246725 0.3208303 0.3169828 0.3131348 0.3092909 0.3054558 0.3016341 0.2978305 0.2940494 0.290295 0.2865717 0.2828835 0.2792344 0.2756282 0.2720686 0.268559 0.2651028 0.261703 0.2583627 0.2550845
0.4317746 0.4309731 0.4300977 0.4291466 0.4281177 0.4270093 0.4258196 0.4245469 0.4231898 0.4217467 0.4202165 0.4185981 0.4168904 0.4150927 0.4132044 0.4112251 0.4091544 0.4069924 0.4047393 0.4023954 0.3999614 0.397438 0.3948264 0.3921277 0.3893436 0.3864759 0.3835264 0.3804973 0.3773913 0.3742109 0.3709589 0.3676386 0.3642532 0.3608062 0.3573014 0.3537424 0.3501335 0.3464787 0.3427824 0.339049 0.335283 0.331489 0.3276717 0.3238358 0.3199863 0.3161277 0.312265 0.308403 0.3045463 0.3006998 0.296868 0.2930555 0.2892669 0.2855064 0.2817783 0.2780868 0.2744359 0.2708293 0.2672707 0.2637637 0.2603115 0.2569172 0.2535839 0.2503142
0.428537 0.4276907 0.4267708 0.4257752 0.4247022 0.4235498 0.4223164 0.4210003 0.4196 0.4181142 0.4165415 0.414881 0.4131317 0.4112928 0.4093637 0.4073441 0.4052337 0.4030324 0.4007406 0.3983585 0.3958868 0.3933265 0.3906784 0.3879441 0.3851249 0.3822227 0.3792395 0.3761775 0.3730391 0.3698272 0.3665445 0.3631943 0.3597798 0.3563045 0.3527723 0.3491869 0.3455524 0.341873 0.338153 0.3343969 0.3306093 0.3267947 0.322958 0.3191038 0.3152371 0.3113625 0.307485 0.3036094 0.2997405 0.2958829 0.2920414 0.2882206 0.284425 0.280659 0.2769268 0.2732326 0.2695805 0.2659741 0.2624173 0.2589135 0.255466 0.252078 0.2487524 0.245492
