Netlogomodel&data/dec.asc
ncols         538
nrows         625
xllcorner     13971.229991268
yllcorner     307553.43172548
cellsize      499.15082271881
NODATA_value  -9999
[rows 87 to 115 of 625, columns 320 to 383 of 538]
0.3913093 0.3907861 0.3902625 0.3897381 0.3892125 0.3886852 0.3881559 0.3876242 0.3870896 0.3865515 0.3860096 0.3854632 0.3849119 0.3843551 0.3837922 0.3832225 0.3826455 0.3820604 0.3814666 0.3808634 0.3802499 0.3796256 0.3789894 0.3783407 0.3776785 0.3770019 0.3763102 0.3756022 0.3748771 0.3741339 0.3733714 0.3725887 0.3717847 0.3709582 0.3701081 0.3692333 0.3683324 0.3674044 0.3664479 0.3654617 0.3644444 0.3633947 0.3623113 0.3611927 0.3600376 0.3588446 0.3576122 0.3563389 0.3550234 0.353664 0.3522595 0.3508081 0.3493085 0.3477592 0.3461586 0.3445053 0.3427978 0.3410347 0.3392144 0.3373357 0.3353971 0.3333972 0.3313347 0.3292085
0.3904693 0.3899241 0.389378 0.3888307 0.3882817 0.3877308 0.3871775 0.3866213 0.3860617 0.3854984 0.3849308 0.3843583 0.3837805 0.3831967 0.3826064 0.3820089 0.3814037 0.3807899 0.380167 0.3795343 0.3788909 0.3782361 0.3775691 0.3768892 0.3761953 0.3754867 0.3747624 0.3740216 0.3732632 0.3724861 0.3716896 0.3708723 0.3700334 0.3691716 0.3682859 0.367375 0.3664378 0.3654731 0.3644795 0.3634559 0.3624009 0.3613133 0.3601916 0.3590345 0.3578407 0.3566087 0.3553371 0.3540244 0.3526693 0.3512702 0.3498258 0.3483345 0.3467948 0.3452053 0.3435646 0.3418711 0.3401234 0.3383201 0.3364598 0.334541 0.3325624 0.3305227 0.3284206 0.3262549
0.3896402 0.389073 0.3885047 0.3879348 0.3873629 0.3867886 0.3862115 0.3856312 0.3850471 0.3844589 0.3838659 0.3832677 0.3826637 0.3820534 0.3814361 0.3808112 0.3801782 0.3795362 0.3788846 0.3782228 0.3775499 0.3768653 0.376168 0.3754573 0.3747323 0.3739921 0.3732359 0.3724627 0.3716715 0.3708614 0.3700313 0.3691801 0.3683069 0.3674105 0.3664898 0.3655435 0.3645706 0.3635699 0.36254 0.3614797 0.3603878 0.359263 0.3581038 0.356909 0.3556772 0.354407 0.3530971 0.3517459 0.350352 0.3489141 0.3474307 0.3459003 0.3443215 0.3426929 0.3410129 0.3392801 0.3374932 0.3356507 0.3337512 0.3317933 0.3297758 0.3276973 0.3255566 0.3233525
0.388822 0.3882334 0.3876432 0.387051 0.3864564 0.3858591 0.3852586 0.3846544 0.3840462 0.3834334 0.3828154 0.3821919 0.3815621 0.3809256 0.3802817 0.3796299 0.3789695 0.3782997 0.37762 0.3769296 0.3762278 0.3755137 0.3747866 0.3740457 0.3732901 0.372519 0.3717313 0.3709264 0.370103 0.3692603 0.3683973 0.3675129 0.3666061 0.3656757 0.3647206 0.3637397 0.3627318 0.3616958 0.3606303 0.3595342 0.3584061 0.3572448 0.356049 0.3548173 0.3535484 0.3522409 0.3508934 0.3495045 0.3480729 0.346597 0.3450755 0.343507 0.3418899 0.340223 0.3385047 0.3367337 0.3349085 0.3330278 0.3310902 0.3290943 0.3270389 0.3249226 0.3227443 0.3205027
0.3880153 0.3874054 0.3867936 0.3861794 0.3855625 0.3849425 0.3843189 0.3836914 0.3830593 0.3824223 0.3817798 0.3811312 0.3804761 0.3798139 0.3791439 0.3784655 0.3777782 0.3770811 0.3763737 0.3756552 0.3749248 0.3741819 0.3734255 0.372655 0.3718694 0.3710678 0.3702494 0.3694132 0.3685583 0.3676837 0.3667884 0.3658714 0.3649316 0.3639679 0.3629792 0.3619644 0.3609223 0.3598517 0.3587514 0.3576201 0.3564567 0.3552598 0.3540281 0.3527603 0.3514551 0.3501111 0.348727 0.3473014 0.3458328 0.3443199 0.3427613 0.3411555 0.3395012 0.337797 0.3360414 0.3342331 0.3323707 0.3304528 0.328478 0.3264452 0.3243529 0.3221999 0.3199851 0.3177072
0.3872203 0.3865894 0.3859563 0.3853205 0.3846816 0.3840393 0.383393 0.3827423 0.3820868 0.381426 0.3807593 0.3800862 0.3794062 0.3787186 0.3780229 0.3773185 0.3766047 0.3758808 0.3751462 0.3744001 0.3736418 0.3728705 0.3720854 0.3712857 0.3704706 0.3696392 0.3687906 0.3679239 0.3670381 0.3661323 0.3652053 0.3642564 0.3632843 0.362288 0.3612664 0.3602184 0.3591428 0.3580383 0.356904 0.3557384 0.3545404 0.3533087 0.352042 0.350739 0.3493984 0.3480189 0.346599 0.3451374 0.3436329 0.3420839 0.3404891 0.3388471 0.3371566 0.335416 0.3336242 0.3317796 0.3298809 0.3279268 0.3259161 0.3238473 0.3217192 0.3195306 0.3172804 0.3149672
0.3864372 0.3857857 0.3851316 0.3844745 0.383814 0.3831496 0.382481 0.3818077 0.3811291 0.3804449 0.3797544 0.3790572 0.3783526 0.3776402 0.3769193 0.3761893 0.3754495 0.3746993 0.373938 0.3731648 0.372379 0.3715799 0.3707667 0.3699385 0.3690945 0.3682339 0.3673557 0.366459 0.3655429 0.3646065 0.3636487 0.3626685 0.3616648 0.3606366 0.3595828 0.3585024 0.357394 0.3562566 0.3550889 0.3538899 0.3526581 0.3513925 0.3500916 0.3487543 0.3473791 0.3459649 0.3445102 0.3430137 0.3414741 0.33989 0.33826 0.3365828 0.3348569 0.3330811 0.331254 0.3293741 0.3274403 0.3254512 0.3234054 0.3213018 0.319139 0.3169159 0.3146313 0.3122842
0.3856663 0.3849945 0.3843198 0.3836417 0.3829599 0.3822739 0.3815834 0.3808877 0.3801865 0.3794792 0.3787654 0.3780445 0.3773159 0.3765791 0.3758334 0.3750783 0.374313 0.373537 0.3727494 0.3719497 0.3711371 0.3703107 0.3694699 0.3686138 0.3677415 0.3668523 0.3659451 0.3650191 0.3640735 0.3631071 0.362119 0.3611082 0.3600737 0.3590144 0.3579292 0.356817 0.3556767 0.3545071 0.353307 0.3520752 0.3508106 0.3495118 0.3481777 0.3468069 0.3453981 0.3439501 0.3424615 0.3409311 0.3393573 0.3377391 0.3360749 0.3343634 0.3326033 0.3307932 0.3289318 0.3270179 0.3250499 0.3230268 0.3209472 0.3188098 0.3166134 0.314357 0.3120392 0.3096591
0.3849079 0.3842161 0.3835211 0.3828225 0.3821197 0.3814125 0.3807003 0.3799827 0.3792593 0.3785294 0.3777927 0.3770485 0.3762963 0.3755355 0.3747656 0.3739858 0.3731956 0.3723942 0.371581 0.3707553 0.3699164 0.3690633 0.3681955 0.367312 0.3664121 0.3654948 0.3645594 0.3636048 0.3626302 0.3616345 0.3606169 0.3595763 0.3585117 0.357422 0.3563061 0.355163 0.3539915 0.3527904 0.3515587 0.3502951 0.3489985 0.3476675 0.3463009 0.3448975 0.3434561 0.3419752 0.3404537 0.3388902 0.3372834 0.3356319 0.3339345 0.3321898 0.3303965 0.3285532 0.3266587 0.3247117 0.3227107 0.3206547 0.3185422 0.3163722 0.3141434 0.3118547 0.309505 0.3070931
0.3841621 0.3834507 0.3827358 0.3820168 0.3812936 0.3805655 0.3798321 0.379093 0.3783477 0.3775958 0.3768365 0.3760695 0.3752942 0.37451 0.3737162 0.3729123 0.3720976 0.3712715 0.3704332 0.369582 0.3687173 0.3678382 0.3669439 0.3660337 0.3651067 0.3641621 0.363199 0.3622164 0.3612135 0.3601893 0.3591429 0.3580732 0.3569792 0.3558598 0.3547141 0.3535408 0.3523389 0.3511073 0.3498448 0.3485502 0.3472224 0.34586 0.344462 0.343027 0.3415537 0.340041 0.3384875 0.3368919 0.335253 0.3335694 0.3318398 0.3300629 0.3282374 0.326362 0.3244354 0.3224563 0.3204235 0.3183356 0.3161916 0.3139901 0.31173 0.3094102 0.3070295 0.3045871
0.3834291 0.3826985 0.381964 0.3812252 0.3804817 0.3797331 0.378979 0.3782188 0.3774521 0.3766784 0.3758972 0.3751078 0.3743098 0.3735026 0.3726856 0.3718581 0.3710194 0.370169 0.3693062 0.3684301 0.3675402 0.3666356 0.3657155 0.3647792 0.3638258 0.3628545 0.3618643 0.3608545 0.359824 0.358772 0.3576974 0.3565993 0.3554767 0.3543285 0.3531536 0.351951 0.3507196 0.3494583 0.3481658 0.3468411 0.3454829 0.3440902 0.3426615 0.3411958 0.3396917 0.3381481 0.3365636 0.3349369 0.3332669 0.3315521 0.3297914 0.3279833 0.3261267 0.3242202 0.3222626 0.3202526 0.318189 0.3160705 0.3138959 0.3116641 0.3093739 0.3070242 0.3046139 0.302142
0.3827092 0.3819596 0.3812059 0.3804477 0.3796844 0.3789158 0.3781412 0.3773604 0.3765727 0.3757778 0.3749749 0.3741637 0.3733435 0.3725138 0.3716739 0.3708233 0.3699613 0.3690872 0.3682003 0.3673 0.3663854 0.3654559 0.3645106 0.3635488 0.3625697 0.3615723 0.3605558 0.3595194 0.358462 0.3573829 0.356281 0.3551552 0.3540047 0.3528284 0.3516252 0.3503941 0.349134 0.3478437 0.3465222 0.3451682 0.3437807 0.3423584 0.3409 0.3394045 0.3378706 0.336297 0.3346824 0.3330257 0.3313256 0.3295807 0.3277898 0.3259517 0.324065 0.3221286 0.3201411 0.3181013 0.316008 0.3138599 0.311656 0.309395 0.3070759 0.3046974 0.3022586 0.2997585
0.3820024 0.3812343 0.3804618 0.3796844 0.3789018 0.3781134 0.377319 0.3765179 0.3757097 0.3748939 0.3740699 0.3732373 0.3723954 0.3715437 0.3706816 0.3698084 0.3689235 0.3680262 0.3671159 0.3661918 0.3652533 0.3642994 0.3633296 0.362343 0.3613386 0.3603159 0.3592738 0.3582114 0.3571279 0.3560224 0.3548938 0.3537412 0.3525636 0.35136 0.3501293 0.3488705 0.3475825 0.3462642 0.3449144 0.3435321 0.3421161 0.3406651 0.339178 0.3376537 0.3360908 0.3344882 0.3328446 0.3311589 0.3294296 0.3276557 0.3258357 0.3239686 0.322053 0.3200876 0.3180713 0.3160029 0.313881 0.3117046 0.3094725 0.3071835 0.3048365 0.3024305 0.2999645 0.2974374
0.381309 0.3805227 0.3797317 0.3789356 0.378134 0.3773264 0.3765124 0.3756915 0.3748632 0.374027 0.3731824 0.3723289 0.3714658 0.3705926 0.3697087 0.3688135 0.3679063 0.3669864 0.3660532 0.365106 0.364144 0.3631665 0.3621727 0.3611619 0.3601331 0.3590856 0.3580185 0.356931 0.3558221 0.3546908 0.3535364 0.3523577 0.3511538 0.3499237 0.3486663 0.3473806 0.3460656 0.34472 0.3433429 0.3419331 0.3404894 0.3390108 0.3374959 0.3359437 0.3343529 0.3327223 0.3310507 0.3293368 0.3275795 0.3257775 0.3239296 0.3220345 0.320091 0.3180979 0.3160539 0.3139579 0.3118087 0.309605 0.3073459 0.3050301 0.3026565 0.3002242 0.2977321 0.2951793
0.380629 0.3798249 0.3790159 0.3782015 0.3773813 0.3765548 0.3757217 0.3748814 0.3740335 0.3731774 0.3723127 0.3714387 0.3705549 0.3696607 0.3687556 0.3678388 0.3669098 0.3659679 0.3650125 0.3640427 0.3630579 0.3620573 0.3610402 0.3600058 0.3589532 0.3578817 0.3567904 0.3556783 0.3545447 0.3533885 0.3522089 0.3510049 0.3497755 0.3485197 0.3472364 0.3459247 0.3445834 0.3432116 0.341808 0.3403716 0.3389013 0.3373958 0.3358541 0.3342749 0.3326571 0.3309995 0.3293009 0.32756 0.3257757 0.3239467 0.3220719 0.3201499 0.3181796 0.3161598 0.3140893 0.3119669 0.3097914 0.3075617 0.3052767 0.3029352 0.3005363 0.2980789 0.2955619 0.2929846
0.3799626 0.3791411 0.3783143 0.377482 0.3766436 0.3757988 0.374947 0.3740878 0.3732207 0.3723451 0.3714607 0.3705668 0.3696628 0.3687481 0.3678223 0.3668846 0.3659344 0.364971 0.3639938 0.3630021 0.3619951 0.3609721 0.3599323 0.358875 0.3577993 0.3567044 0.3555895 0.3544537 0.353296 0.3521157 0.3509117 0.3496831 0.348429 0.3471483 0.3458399 0.344503 0.3431364 0.3417391 0.3403099 0.3388479 0.3373517 0.3358204 0.3342528 0.3326477 0.3310039 0.3293203 0.3275956 0.3258288 0.3240185 0.3221636 0.3202628 0.3183151 0.3163191 0.3142737 0.3121778 0.3100301 0.3078295 0.3055749 0.3032652 0.3008994 0.2984762 0.2959949 0.2934543 0.2908537
0.3793098 0.3784712 0.3776272 0.3767774 0.3759212 0.3750584 0.3741883 0.3733107 0.3724248 0.3715304 0.3706267 0.3697133 0.3687896 0.367855 0.366909 0.3659509 0.36498 0.3639958 0.3629975 0.3619844 0.3609558 0.359911 0.3588492 0.3577696 0.3566715 0.3555539 0.3544161 0.3532572 0.3520764 0.3508726 0.349645 0.3483926 0.3471145 0.3458097 0.3444772 0.3431159 0.3417248 0.3403029 0.3388491 0.3373622 0.3358412 0.334285 0.3326924 0.3310623 0.3293935 0.3276848 0.3259352 0.3241434 0.3223081 0.3204283 0.3185028 0.3165304 0.3145098 0.31244 0.3103198 0.3081479 0.3059234 0.3036451 0.3013119 0.2989228 0.2964767 0.2939727 0.2914098 0.288787
0.3786707 0.3778155 0.3769546 0.3760876 0.3752142 0.3743337 0.3734459 0.3725502 0.3716461 0.3707331 0.3698107 0.3688784 0.3679355 0.3669815 0.3660159 0.3650379 0.3640469 0.3630424 0.3620235 0.3609897 0.3599402 0.3588742 0.357791 0.3566898 0.3555699 0.3544304 0.3532704 0.3520892 0.3508858 0.3496594 0.3484089 0.3471336 0.3458323 0.3445043 0.3431483 0.3417635 0.3403488 0.3389032 0.3374255 0.3359148 0.3343699 0.3327897 0.3311731 0.329519 0.3278261 0.3260935 0.3243198 0.322504 0.3206449 0.3187413 0.3167921 0.314796 0.312752 0.3106588 0.3085154 0.3063206 0.3040733 0.3017725 0.299417 0.2970058 0.2945379 0.2920124 0.2894284 0.2867849
0.3780454 0.3771739 0.3762965 0.3754128 0.3745224 0.3736249 0.3727197 0.3718064 0.3708845 0.3699535 0.3690129 0.3680621 0.3671006 0.3661277 0.365143 0.3641457 0.3631352 0.3621109 0.3610722 0.3600182 0.3589483 0.3578618 0.3567579 0.3556358 0.3544948 0.353334 0.3521526 0.3509497 0.3497246 0.3484762 0.3472037 0.3459061 0.3445825 0.343232 0.3418535 0.340446 0.3390085 0.3375401 0.3360395 0.3345058 0.3329379 0.3313347 0.329695 0.3280178 0.326302 0.3245463 0.3227497 0.320911 0.319029 0.3171027 0.3151308 0.3131122 0.3110458 0.3089304 0.306765 0.3045484 0.3022794 0.2999572 0.2975806 0.2951485 0.2926601 0.2901144 0.2875104 0.2848473
0.3774338 0.3765465 0.375653 0.374753 0.3738461 0.3729319 0.3720098 0.3710794 0.3701402 0.3691916 0.3682333 0.3672646 0.3662849 0.3652937 0.3642904 0.3632743 0.3622449 0.3612015 0.3601434 0.3590699 0.3579803 0.3568739 0.3557499 0.3546076 0.3534461 0.3522647 0.3510626 0.3498389 0.3485927 0.3473231 0.3460293 0.3447103 0.3433652 0.341993 0.3405928 0.3391635 0.3377041 0.3362137 0.3346911 0.3331354 0.3315454 0.3299201 0.3282583 0.3265591 0.3248211 0.3230435 0.3212249 0.3193643 0.3174605 0.3155125 0.3135191 0.311479 0.3093914 0.3072549 0.3050686 0.3028312 0.3005419 0.2981994 0.2958028 0.2933511 0.2908434 0.2882786 0.2856559 0.2829745
0.3768361 0.3759333 0.3750241 0.3741083 0.3731853 0.3722548 0.3713162 0.3703692 0.3694131 0.3684475 0.3674719 0.3664858 0.3654885 0.3644795 0.3634582 0.3624239 0.3613761 0.3603141 0.3592373 0.3581448 0.3570362 0.3559105 0.3547671 0.3536052 0.352424 0.3512228 0.3500006 0.3487567 0.3474902 0.3462003 0.3448859 0.3435463 0.3421804 0.3407874 0.3393663 0.337916 0.3364356 0.3349241 0.3333805 0.3318036 0.3301924 0.328546 0.3268631 0.3251427 0.3233837 0.321585 0.3197455 0.3178641 0.3159395 0.3139709 0.3119569 0.3098966 0.3077888 0.3056323 0.3034262 0.3011693 0.2988606 0.2964991 0.2940838 0.2916136 0.2890877 0.2865052 0.283865 0.2811666
0.3762522 0.3753342 0.3744098 0.3734785 0.3725399 0.3715936 0.370639 0.3696757 0.3687033 0.3677212 0.3667288 0.3657258 0.3647113 0.3636851 0.3626463 0.3615944 0.3605288 0.3594489 0.3583539 0.3572432 0.356116 0.3549717 0.3538096 0.3526288 0.3514285 0.3502081 0.3489666 0.3477033 0.3464173 0.3451076 0.3437735 0.3424141 0.3410283 0.3396153 0.3381741 0.3367037 0.3352031 0.3336714 0.3321075 0.3305104 0.3288791 0.3272124 0.3255093 0.3237688 0.3219897 0.320171 0.3183115 0.3164103 0.3144661 0.3124778 0.3104445 0.3083649 0.306238 0.3040627 0.3018379 0.2995626 0.2972358 0.2948564 0.2924235 0.2899361 0.2873932 0.2847941 0.2821377 0.2794234
0.3756821 0.3747494 0.3738101 0.3728638 0.37191 0.3709482 0.3699781 0.3689991 0.3680108 0.3670126 0.366004 0.3649845 0.3639535 0.3629105 0.3618548 0.3607859 0.3597031 0.3586057 0.3574932 0.3563648 0.3552198 0.3540576 0.3528773 0.3516783 0.3504597 0.3492207 0.3479607 0.3466786 0.3453738 0.3440453 0.3426922 0.3413137 0.3399087 0.3384765 0.3370161 0.3355264 0.3340066 0.3324555 0.3308723 0.3292559 0.3276052 0.3259193 0.324197 0.3224373 0.3206391 0.3188014 0.316923 0.3150029 0.3130401 0.3110333 0.3089816 0.3068838 0.304739 0.3025459 0.3003036 0.2980111 0.2956673 0.2932712 0.2908219 0.2883183 0.2857597 0.2831452 0.2804739 0.2777449
0.3751257 0.3741788 0.373225 0.372264 0.3712954 0.3703187 0.3693335 0.3683392 0.3673355 0.3663217 0.3652974 0.364262 0.363215 0.3621557 0.3610837 0.3599982 0.3588988 0.3577846 0.3566552 0.3555097 0.3543475 0.353168 0.3519702 0.3507536 0.3495173 0.3482606 0.3469827 0.3456827 0.3443598 0.3430131 0.3416418 0.340245 0.3388218 0.3373712 0.3358923 0.3343843 0.332846 0.3312765 0.3296748 0.32804 0.3263709 0.3246666 0.322926 0.3211481 0.3193318 0.3174761 0.3155798 0.313642 0.3116615 0.3096373 0.3075683 0.3054534 0.3032917 0.301082 0.2988233 0.2965146 0.2941549 0.2917433 0.2892787 0.2867603 0.2841872 0.2815585 0.2788733 0.276131
0.3745831 0.3736222 0.3726544 0.3716792 0.3706963 0.3697051 0.3687052 0.3676961 0.3666774 0.3656485 0.364609 0.3635582 0.3624956 0.3614207 0.3603328 0.3592315 0.3581159 0.3569856 0.3558398 0.3546779 0.3534991 0.3523028 0.3510883 0.3498548 0.3486016 0.3473278 0.3460326 0.3447154 0.3433752 0.3420111 0.3406224 0.3392081 0.3377673 0.3362992 0.3348028 0.3332771 0.3317212 0.3301342 0.3285149 0.3268626 0.325176 0.3234543 0.3216964 0.3199013 0.3180678 0.316195 0.3142819 0.3123273 0.3103302 0.3082896 0.3062043 0.3040735 0.3018959 0.2996707 0.2973967 0.295073 0.2926986 0.2902726 0.2877939 0.2852618 0.2826753 0.2800336 0.2773359 0.2745815
0.3740541 0.3730797 0.3720982 0.3711093 0.3701124 0.3691072 0.368093 0.3670697 0.3660365 0.364993 0.3639387 0.362873 0.3617954 0.3607054 0.3596023 0.3584855 0.3573545 0.3562085 0.355047 0.3538692 0.3526745 0.3514622 0.3502316 0.3489818 0.3477122 0.346422 0.3451105 0.3437767 0.3424199 0.3410392 0.3396338 0.3382028 0.3367453 0.3352604 0.3337472 0.3322048 0.3306322 0.3290284 0.3273925 0.3257236 0.3240205 0.3222823 0.320508 0.3186965 0.3168469 0.3149581 0.313029 0.3110587 0.309046 0.30699 0.3048896 0.3027438 0.3005515 0.2983118 0.2960237 0.2936861 0.2912981 0.2888588 0.2863673 0.2838226 0.2812239 0.2785704 0.2758614 0.273096
0.3735386 0.3725511 0.3715565 0.3705541 0.3695438 0.3685249 0.367497 0.3664598 0.3654126 0.364355 0.3632864 0.3622064 0.3611143 0.3600097 0.3588918 0.3577603 0.3566143 0.3554533 0.3542766 0.3530836 0.3518736 0.3506459 0.3493998 0.3481345 0.3468493 0.3455434 0.344216 0.3428665 0.3414938 0.3400972 0.3386759 0.337229 0.3357555 0.3342547 0.3327256 0.3311673 0.3295788 0.3279592 0.3263075 0.3246228 0.322904 0.3211503 0.3193605 0.3175337 0.3156689 0.313765 0.311821 0.3098359 0.3078088 0.3057384 0.3036239 0.3014641 0.2992583 0.2970052 0.294704 0.2923536 0.2899532 0.2875018 0.2849984 0.2824424 0.2798327 0.2771686 0.2744494 0.2716743
0.3730367 0.3720365 0.371029 0.3700137 0.3689902 0.3679582 0.366917 0.3658664 0.3648056 0.3637344 0.3626521 0.3615582 0.3604522 0.3593335 0.3582015 0.3570556 0.3558953 0.3547198 0.3535286 0.352321 0.3510963 0.3498538 0.3485928 0.3473126 0.3460125 0.3446916 0.3433492 0.3419845 0.3405967 0.339185 0.3377486 0.3362865 0.3347979 0.3332819 0.3317377 0.3301643 0.3285607 0.3269261 0.3252596 0.32356 0.3218265 0.3200581 0.3182538 0.3164127 0.3145336 0.3126156 0.3106577 0.3086589 0.3066181 0.3045344 0.3024068 0.3002343 0.2980158 0.2957505 0.2934372 0.2910752 0.2886634 0.286201 0.2836871 0.2811208 0.2785013 0.2758278 0.2730996 0.2703159
0.3725481 0.3715356 0.3705156 0.3694878 0.3684517 0.3674069 0.3663529 0.3652893 0.3642155 0.3631311 0.3620356 0.3609283 0.3598089 0.3586766 0.357531 0.3563714 0.3551973 0.354008 0.3528028 0.3515812 0.3503425 0.3490858 0.3478107 0.3465162 0.3452018 0.3438666 0.3425098 0.3411308 0.3397286 0.3383025 0.3368516 0.3353751 0.3338722 0.3323419 0.3307833 0.3291957 0.3275779 0.3259292 0.3242486 0.3225351 0.3207878 0.3190056 0.3171877 0.3153331 0.3134407 0.3115095 0.3095387 0.3075272 0.3054739 0.3033779 0.3012382 0.2990539 0.2968239 0.2945473 0.2922232 0.2898506 0.2874286 0.2849563 0.2824329 0.2798575 0.2772293 0.2745476 0.2718116 0.2690206
