Netlogomodel&data/dec.asc
ncols         538
nrows         625
xllcorner     13971.229991268
yllcorner     307553.43172548
cellsize      499.15082271881
NODATA_value  -9999
[rows 290 to 318 of 625, columns 192 to 255 of 538]
0.6890369 0.6760058 0.6633296 0.6510022 0.6390159 0.6273611 0.6160269 0.605001 0.5942698 0.5838186 0.5736315 0.563692 0.553983 0.5444863 0.5351837 0.5260564 0.5170857 0.5082525 0.4995379 0.4909233 0.4823903 0.473921 0.4654982 0.4571054 0.448727 0.4403484 0.4319564 0.4235388 0.4150851 0.4065863 0.3980351 0.3894261 0.3807558 0.3720227 0.3632274 0.3543727 0.3454635 0.3365071 0.3275128 0.3184921 0.3094586 0.3004279 0.2914174 0.2824463 0.2735353 0.2647064 0.255983 0.2473889 0.238949 0.2306881 0.2226316 0.2148042 0.2072305 0.1999342 0.1929381 0.1862637 0.1799311 0.1739586 0.168363 0.1631589 0.1583587 0.1539728 0.1500094 0.1464741
0.6939658 0.6806281 0.6676435 0.6550061 0.6427082 0.6307405 0.6190919 0.6077504 0.5967022 0.5859328 0.5754266 0.5651671 0.5551373 0.5453194 0.5356951 0.5262462 0.5169539 0.5077996 0.4987646 0.4898306 0.4809796 0.4721939 0.4634568 0.4547522 0.4460647 0.4373803 0.4286858 0.4199699 0.411222 0.4024338 0.3935982 0.3847102 0.3757666 0.3667662 0.35771 0.3486009 0.3394442 0.3302473 0.3210197 0.3117732 0.3025215 0.2932804 0.2840675 0.2749021 0.2658052 0.256799 0.2479068 0.239153 0.2305624 0.2221603 0.2139722 0.2060233 0.1983384 0.1909417 0.1838562 0.1771039 0.1707053 0.1646791 0.1590425 0.1538104 0.1489957 0.144609 0.1406589 0.1371512
0.6987961 0.6851557 0.6718668 0.6589233 0.6463177 0.6340407 0.6220815 0.6104278 0.5990663 0.5879824 0.5771608 0.5665851 0.5562383 0.5461029 0.5361611 0.5263946 0.516785 0.5073138 0.4979629 0.488714 0.4795496 0.4704525 0.4614061 0.4523946 0.4434032 0.4344181 0.4254267 0.4164177 0.4073813 0.3983092 0.3891948 0.3800333 0.3708219 0.3615597 0.3522478 0.3428895 0.3334904 0.3240579 0.3146018 0.3051339 0.2956683 0.2862208 0.2768092 0.267453 0.2581731 0.248992 0.2399332 0.2310213 0.2222812 0.2137387 0.2054194 0.1973488 0.1895521 0.1820537 0.1748773 0.168045 0.1615779 0.1554952 0.1498144 0.1445508 0.1397178 0.1353264 0.1313854 0.1279011
0.7035176 0.6895796 0.6759911 0.6627463 0.6498376 0.6372559 0.6249904 0.6130291 0.6013587 0.5899649 0.5788323 0.5679448 0.5572857 0.5468377 0.5365831 0.5265038 0.5165818 0.5067989 0.4971372 0.487579 0.4781067 0.4687037 0.4593536 0.4500411 0.4407518 0.4314722 0.4221899 0.4128941 0.4035754 0.3942256 0.3848387 0.37541 0.3659371 0.3564192 0.3468579 0.3372565 0.3276207 0.3179584 0.3082792 0.2985954 0.2889209 0.2792717 0.2696657 0.2601226 0.2506634 0.2413106 0.2320881 0.2230203 0.2141328 0.2054511 0.1970014 0.1888094 0.1809006 0.1732999 0.1660312 0.1591173 0.1525795 0.1464375 0.1407093 0.1354108 0.1305558 0.1261556 0.1222195 0.1187541
0.7081206 0.6938908 0.6800084 0.6664678 0.6532615 0.6403805 0.6278141 0.6155505 0.6035765 0.5918779 0.5804397 0.5692458 0.5582798 0.5475246 0.5369626 0.5265763 0.5163477 0.506259 0.4962926 0.486431 0.4766571 0.4669545 0.4573073 0.4477005 0.4381199 0.4285525 0.4189863 0.4094107 0.3998166 0.3901963 0.3805439 0.3708551 0.3611277 0.3513612 0.3415572 0.3317195 0.3218538 0.3119679 0.3020721 0.2921782 0.2823006 0.2724552 0.2626601 0.2529348 0.2433006 0.2337802 0.2243973 0.2151768 0.2061442 0.1973254 0.1887467 0.1804341 0.1724136 0.1647103 0.1573486 0.1503516 0.1437411 0.1375375 0.1317592 0.1264224 0.1215415 0.1171285 0.1131929 0.1097418
0.7125958 0.6980808 0.6839111 0.6700811 0.6565835 0.6434094 0.6305482 0.6179884 0.6057169 0.5937197 0.5819818 0.5704877 0.5592209 0.5481647 0.5373018 0.5266148 0.5160862 0.5056983 0.4954339 0.4852758 0.4752074 0.4652123 0.4552753 0.4453814 0.4355171 0.4256694 0.4158268 0.4059791 0.3961174 0.3862343 0.3763242 0.3663831 0.356409 0.3464015 0.3363626 0.326296 0.3162078 0.3061058 0.2960002 0.2859032 0.2758289 0.2657935 0.2558151 0.2459132 0.2361092 0.2264258 0.2168869 0.2075174 0.1983429 0.1893896 0.180684 0.1722525 0.1641211 0.1563155 0.1488604 0.1417794 0.1350949 0.1288276 0.1229963 0.1176182 0.1127079 0.108278 0.1043385 0.1008969
0.7169343 0.7021418 0.687692 0.6735799 0.659798 0.6463377 0.6331888 0.6203396 0.6077774 0.5954884 0.5834579 0.5716704 0.5601099 0.5487596 0.5376029 0.5266224 0.515801 0.5051213 0.4945664 0.4841194 0.473764 0.4634844 0.4532654 0.4430926 0.4329526 0.4228329 0.4127223 0.4026109 0.39249 0.3823527 0.3721934 0.3620085 0.3517961 0.3415561 0.3312906 0.3210035 0.3107008 0.3003906 0.290083 0.2797904 0.2695268 0.2593085 0.2491534 0.2390813 0.2291134 0.2192725 0.2095826 0.2000685 0.1907562 0.1816718 0.1728422 0.1642938 0.1560532 0.1481462 0.140598 0.1334327 0.1266731 0.1203403 0.1144541 0.1090317 0.1040886 0.09963791 0.09569017 0.09225348
0.7211277 0.7060659 0.6913444 0.6769581 0.6628999 0.6491613 0.6357323 0.6226014 0.6097562 0.597183 0.5848674 0.5727942 0.5609475 0.5493111 0.5378683 0.5266021 0.5154958 0.5045325 0.4936952 0.4829676 0.4723337 0.461778 0.4512857 0.4408426 0.4304358 0.420053 0.4096834 0.3993174 0.3889465 0.378564 0.3681648 0.3577453 0.3473038 0.3368405 0.3263574 0.3158587 0.3053504 0.2948407 0.2843398 0.2738598 0.263415 0.2530215 0.2426973 0.232462 0.2223369 0.2123448 0.2025096 0.1928564 0.1834109 0.1741997 0.1652496 0.1565874 0.1482398 0.1402331 0.1325928 0.1253434 0.1185082 0.112109 0.1061659 0.1006969 0.09571797 0.09124285 0.08728272 0.08384624
0.7251683 0.7098463 0.6948619 0.6802102 0.6658844 0.6518761 0.6381755 0.6247714 0.6116515 0.5988024 0.5862101 0.5738595 0.5617351 0.5498208 0.5381004 0.5265573 0.5151748 0.5039364 0.4928257 0.4818265 0.4709231 0.4601005 0.449344 0.4386401 0.427976 0.4173397 0.4067208 0.3961097 0.3854986 0.3748809 0.3642515 0.3536072 0.3429465 0.3322697 0.3215788 0.3108782 0.3001739 0.2894741 0.278789 0.2681307 0.2575135 0.2469534 0.2364682 0.2260776 0.2158029 0.2056667 0.1956929 0.1859066 0.1763336 0.1670006 0.1579344 0.1491621 0.1407107 0.1326066 0.1248759 0.1175434 0.110633 0.1041668 0.09816557 0.09264799 0.08763066 0.08312786 0.07915147 0.07571074
0.7290486 0.7134763 0.6982388 0.6833313 0.6687472 0.6544785 0.6405154 0.6268472 0.6134617 0.600346 0.5874859 0.574867 0.5624739 0.550291 0.5383022 0.5264912 0.5148419 0.5033379 0.4919631 0.4807018 0.4695387 0.458459 0.4474483 0.4364936 0.4255821 0.4147025 0.4038445 0.3929989 0.3821579 0.3713153 0.3604663 0.3496077 0.3387383 0.3278583 0.3169701 0.3060779 0.2951878 0.284308 0.2734487 0.2626219 0.2518418 0.2411243 0.2304872 0.21995 0.2095339 0.1992615 0.1891565 0.1792441 0.1695501 0.1601011 0.1509241 0.1420463 0.133495 0.1252969 0.1174782 0.1100644 0.1030796 0.09654668 0.09048682 0.08491933 0.07986147 0.07532819 0.07133204 0.06788292
0.7327617 0.7169498 0.7014696 0.6863165 0.6714844 0.6569653 0.6427497 0.6288272 0.6151859 0.6018131 0.5886951 0.5758176 0.5631655 0.5507237 0.5384763 0.5264074 0.5145011 0.5027415 0.4911128 0.4795997 0.4681871 0.4568605 0.4456062 0.4344111 0.4232631 0.4121509 0.4010646 0.3899953 0.3789355 0.367879 0.3568214 0.3457596 0.3346924 0.3236204 0.3125458 0.301473 0.290408 0.279359 0.268336 0.2573512 0.2464184 0.2355535 0.2247743 0.2141 0.2035516 0.1931516 0.1829238 0.172893 0.1630852 0.153527 0.1442453 0.1352676 0.1266212 0.1183331 0.1104299 0.1029373 0.09587993 0.08928123 0.08316289 0.07754485 0.07244501 0.067879 0.06386004 0.06039879
0.7363014 0.7202612 0.7045494 0.6891618 0.6740924 0.6593335 0.6448761 0.6307098 0.6168231 0.6032037 0.589838 0.5767123 0.5638117 0.5511212 0.5386256 0.5263093 0.5141565 0.5021519 0.49028 0.4785257 0.4668745 0.4553121 0.4438251 0.4324008 0.4210274 0.4096939 0.3983907 0.3871091 0.3758419 0.3645831 0.3533285 0.3420751 0.3308219 0.3195694 0.30832 0.297078 0.2858496 0.2746427 0.2634674 0.2523355 0.241261 0.2302595 0.2193485 0.2085472 0.1978764 0.1873583 0.1770167 0.1668763 0.1569629 0.147303 0.1379237 0.1288524 0.1201166 0.1117435 0.10376 0.09619208 0.0890649 0.08240223 0.07622638 0.0705579 0.06541532 0.06081498 0.0567708 0.05329414
0.7396621 0.7234055 0.7074739 0.6918634 0.6765682 0.6615809 0.6468928 0.6324938 0.6183728 0.6045177 0.5909154 0.5775523 0.564414 0.551486 0.5387532 0.5262003 0.5138122 0.5015737 0.4894697 0.4774856 0.465607 0.4538202 0.4421121 0.4304702 0.4188831 0.4073401 0.3958319 0.3843499 0.3728873 0.3614382 0.3499987 0.3385658 0.3271386 0.3157178 0.3043058 0.2929067 0.2815268 0.270174 0.2588581 0.247591 0.2363863 0.2252595 0.2142279 0.2033104 0.1925277 0.1819019 0.1714563 0.1612157 0.1512056 0.1414525 0.1319834 0.1228259 0.1140073 0.1055552 0.09749654 0.08985775 0.08266427 0.07594036 0.06970886 0.06399088 0.05880561 0.05417006 0.05009889 0.04660419
0.7428384 0.7263781 0.7102391 0.6944179 0.6789089 0.6637051 0.6487982 0.6341782 0.6198345 0.6057553 0.5919279 0.5783389 0.5649745 0.5518203 0.5388618 0.526084 0.5134721 0.5010113 0.488687 0.4764847 0.4643907 0.4523914 0.4404742 0.4286268 0.4168381 0.4050978 0.3933968 0.3817268 0.3700812 0.3584544 0.3468424 0.3352426 0.3236541 0.3120775 0.3005154 0.2889718 0.2774529 0.2659666 0.2545226 0.2431324 0.2318096 0.2205695 0.209429 0.198407 0.1875237 0.176801 0.1662621 0.1559314 0.1458344 0.1359974 0.1264474 0.1172117 0.1083179 0.09979364 0.091666 0.08396165 0.07670639 0.06992491 0.06364051 0.05787487 0.0526478 0.047977 0.04387782 0.04036312
0.7458261 0.729175 0.7128416 0.6968225 0.6811123 0.6657045 0.650591 0.6357624 0.6212082 0.606917 0.5928764 0.5790736 0.565495 0.5521267 0.5389544 0.5259637 0.5131401 0.5004691 0.4879366 0.4755284 0.4632312 0.4510318 0.4389177 0.4268773 0.4148996 0.4029746 0.3910935 0.3792484 0.3674326 0.3556409 0.3438694 0.3321156 0.3203787 0.3086593 0.2969601 0.2852851 0.2736402 0.2620333 0.2504739 0.2389735 0.2275452 0.2162042 0.2049672 0.1938527 0.1828807 0.1720728 0.1614518 0.1510421 0.1408688 0.130958 0.1213366 0.1120318 0.1030713 0.09448257 0.08629299 0.07852938 0.07121783 0.06438338 0.0580498 0.05223928 0.04697222 0.04226698 0.03813962 0.03460372
0.7486209 0.7317929 0.7152785 0.6990747 0.6831765 0.6675777 0.6522706 0.637246 0.6224939 0.6080032 0.5937621 0.5797579 0.5659776 0.5524076 0.5390339 0.5258428 0.5128199 0.4999512 0.487223 0.4746216 0.4621338 0.4497469 0.4374489 0.4252282 0.4130744 0.4009778 0.3889297 0.3769224 0.3649496 0.3530062 0.3410885 0.329194 0.317322 0.3054733 0.2936503 0.2818571 0.2700996 0.2583854 0.2467239 0.2351264 0.2236058 0.2121769 0.2008563 0.1896619 0.1786136 0.1677327 0.1570417 0.1465646 0.1363262 0.1263524 0.11667 0.1073061 0.09828809 0.08964362 0.08140008 0.07358445 0.06622304 0.05934122 0.05296313 0.04711147 0.04180719 0.03706925 0.0329144 0.02935696
0.7512195 0.7342287 0.7175473 0.7011725 0.6851 0.6693236 0.6538361 0.6386287 0.6236918 0.6090147 0.594586 0.5803934 0.5664242 0.5526653 0.5391032 0.5257244 0.5125151 0.4994616 0.4865506 0.4737689 0.4611035 0.4485422 0.4360733 0.4236856 0.4113689 0.3991139 0.386912 0.3747561 0.3626398 0.3505582 0.3385077 0.3264861 0.3144927 0.3025282 0.2905951 0.2786975 0.266841 0.2550331 0.2432832 0.2316021 0.2200027 0.2084993 0.1971082 0.1858472 0.1747357 0.1637945 0.153046 0.1425136 0.1322221 0.122197 0.1124647 0.1030522 0.09398684 0.08529614 0.0770075 0.069148 0.06174411 0.05482145 0.04840451 0.04251643 0.03717863 0.03241068 0.02822997 0.02465153
0.7536194 0.7364802 0.719646 0.7031145 0.6868815 0.6709415 0.6552873 0.6399107 0.6248025 0.6099524 0.5953494 0.5809816 0.5668368 0.5529022 0.5391649 0.5256116 0.512229 0.499004 0.4859234 0.4729746 0.4601449 0.4474226 0.4347961 0.4222548 0.4097888 0.3973888 0.3850469 0.3727558 0.3605096 0.3483036 0.3361342 0.3239993 0.3118983 0.299832 0.2878027 0.2758144 0.2638729 0.2519853 0.2401608 0.2284101 0.2167456 0.2051815 0.1937336 0.1824195 0.1712581 0.1602699 0.1494768 0.1389021 0.1285699 0.1185055 0.1087351 0.09928543 0.09018358 0.08145695 0.07313291 0.06523854 0.05780043 0.0508444 0.04439522 0.03847636 0.03310974 0.02831542 0.02411143 0.02051343
0.7558182 0.7385455 0.7215734 0.7048995 0.6885205 0.6724309 0.6566241 0.6410923 0.6258267 0.6108174 0.5960537 0.5815243 0.5672174 0.5531207 0.5392215 0.5255072 0.5119649 0.4985818 0.4853452 0.4722427 0.4592623 0.4463924 0.4336221 0.4209408 0.4083391 0.395808 0.3833397 0.3709273 0.3585651 0.3462485 0.3339741 0.32174 0.3095454 0.2973912 0.2852798 0.2732151 0.2612025 0.2492493 0.2373643 0.225558 0.2138425 0.2022316 0.190741 0.1793876 0.16819 0.1571684 0.1463443 0.1357403 0.1253805 0.1152896 0.1054934 0.09601851 0.08689168 0.07814014 0.06979114 0.06187171 0.0544085 0.04742743 0.04095349 0.03501045 0.02962062 0.02480454 0.02058076 0.01696559
0.7578146 0.7404235 0.7233282 0.706527 0.6900165 0.6737918 0.6578468 0.642174 0.6267651 0.6116105 0.5967001 0.5820231 0.5675679 0.5533229 0.5392756 0.525414 0.5117257 0.4981981 0.4848191 0.4715768 0.4584594 0.4454558 0.4325553 0.4197478 0.4070242 0.3943758 0.381795 0.3692754 0.3568112 0.344398 0.3320327 0.3197133 0.3074392 0.2952114 0.283032 0.270905 0.2588357 0.2468311 0.2348998 0.2230521 0.2112998 0.1996564 0.1881371 0.1767585 0.1655388 0.1544977 0.1436562 0.1330366 0.1226624 0.1125581 0.1027491 0.09326143 0.08412171 0.07535689 0.06699404 0.05906009 0.05158162 0.04458465 0.03809428 0.03213453 0.026728 0.02189565 0.01765652 0.01402747
0.7596076 0.7421135 0.7249103 0.7079967 0.6913695 0.6750245 0.6589559 0.6431566 0.6276187 0.6123331 0.5972903 0.5824796 0.5678902 0.5535108 0.5393295 0.5253345 0.511514 0.4978559 0.4843484 0.47098 0.4577395 0.444616 0.4315992 0.4186795 0.4058479 0.3930962 0.380417 0.367804 0.3552518 0.3427562 0.330314 0.3179235 0.3055842 0.2932968 0.2810637 0.2688887 0.2567768 0.2447351 0.2327718 0.220897 0.2091222 0.1974605 0.1859267 0.1745371 0.1633094 0.1522629 0.141418 0.1307966 0.1204218 0.1103176 0.1005089 0.09102134 0.08188129 0.07311535 0.06475032 0.05681298 0.0493298 0.04232676 0.03582905 0.02986082 0.02444494 0.01960267 0.01535349 0.01171473
0.7611969 0.7436153 0.7263196 0.7093086 0.69258 0.6761296 0.659952 0.6440409 0.6283886 0.6129866 0.5978255 0.5828956 0.5681862 0.5536865 0.5393852 0.5252709 0.5113323 0.4975576 0.4839356 0.4704551 0.4571054 0.443876 0.430757 0.417739 0.4048134 0.3919723 0.3792087 0.3665164 0.3538902 0.3413262 0.3288213 0.3163738 0.3039832 0.2916505 0.2793779 0.2671689 0.2550288 0.2429642 0.2309832 0.2190955 0.2073124 0.1956467 0.1841128 0.1727264 0.1615049 0.150467 0.1396329 0.1290237 0.1186621 0.1085716 0.09877663 0.0893025 0.08017503 0.07142051 0.06306545 0.05513635 0.04765953 0.04066087 0.03416555 0.0281978 0.02278063 0.01793558 0.01368244 0.01003899
0.7625828 0.7449294 0.7275565 0.7104636 0.6936486 0.6771078 0.6608363 0.6448281 0.6290761 0.6135721 0.5983074 0.5832725 0.5684575 0.5538518 0.5394447 0.5252253 0.5111825 0.4973054 0.4835829 0.4700045 0.4565595 0.4432382 0.4300309 0.4169285 0.4039229 0.3910065 0.3781724 0.3654147 0.3527286 0.3401102 0.3275565 0.315066 0.3026384 0.2902744 0.2779762 0.2657475 0.2535931 0.2415197 0.2295351 0.2176488 0.2058716 0.1942161 0.1826962 0.1713272 0.1601261 0.149111 0.1383016 0.1277186 0.1173841 0.1073211 0.09755356 0.08810621 0.07900446 0.07027418 0.06194152 0.05403268 0.04657373 0.03959039 0.03310773 0.02714997 0.02174022 0.01690019 0.01264991 0.009007523
0.7637663 0.7460566 0.7286221 0.7114627 0.6945765 0.6779604 0.6616099 0.6455195 0.6296824 0.6140912 0.5987374 0.5836121 0.5687057 0.5540084 0.5395098 0.5251994 0.5110667 0.4971012 0.4832923 0.4696298 0.4561037 0.4427043 0.4294226 0.4162499 0.4031782 0.3902003 0.3773096 0.3645005 0.3517683 0.3391093 0.3265208 0.3140012 0.3015503 0.2891688 0.2768591 0.2646245 0.2524699 0.2404016 0.2284274 0.2165564 0.2047991 0.1931678 0.1816758 0.1703383 0.1591715 0.1481933 0.1374226 0.1268798 0.1165863 0.1065645 0.09683793 0.0874308 0.07836801 0.06967494 0.06137732 0.053501 0.04607172 0.03911496 0.03265563 0.02671786 0.02132476 0.0164981 0.01225811 0.008623183
0.7647489 0.7469985 0.7295179 0.7123072 0.6953651 0.6786888 0.6622744 0.6461166 0.6302093 0.6145453 0.599117 0.5839157 0.5689325 0.5541578 0.5395818 0.5251947 0.5109863 0.4969464 0.4830651 0.4693325 0.4557392 0.4422757 0.4289335 0.4157042 0.4025802 0.3895546 0.376621 0.3637742 0.3510096 0.3383237 0.325714 0.313179 0.3007185 0.2883333 0.2760256 0.2637988 0.2516577 0.2396082 0.2276581 0.215816 0.2040924 0.192499 0.1810488 0.1697565 0.1586379 0.1477102 0.1369921 0.1265031 0.1162642 0.1062973 0.09662525 0.08727171 0.07826106 0.06961817 0.06136829 0.05353684 0.04614919 0.03923049 0.03280543 0.02689796 0.02153109 0.0167266 0.01250482 0.00888428
0.7655325 0.747757 0.7302456 0.712999 0.6960161 0.6792946 0.6628311 0.6466208 0.630658 0.6149361 0.5994477 0.5841849 0.5691391 0.5543014 0.5396623 0.5252125 0.5109423 0.4968421 0.4829024 0.4691136 0.4554668 0.441953 0.428564 0.4152918 0.4021291 0.3890693 0.3761065 0.3632355 0.350452 0.3377528 0.3251353 0.3125983 0.3001415 0.287766 0.2754737 0.263268 0.2511536 0.2391364 0.2272237 0.215424 0.2037474 0.1922053 0.1808103 0.1695766 0.1585196 0.147656 0.1370038 0.1265821 0.1164113 0.1065126 0.09690829 0.08762151 0.07867602 0.07009615 0.06190661 0.05413234 0.04679828 0.0399292 0.03354945 0.02768275 0.02235194 0.01757872 0.01338339 0.009784593
0.7661197 0.7483345 0.7308076 0.7135401 0.6965315 0.6797799 0.6632822 0.6470341 0.6310304 0.615265 0.5997311 0.5844211 0.569327 0.5544403 0.5397522 0.5252538 0.5109358 0.4967892 0.4828047 0.4689735 0.4552869 0.4417364 0.4283141 0.4150124 0.4018245 0.388744 0.3757652 0.3628832 0.3500941 0.3373946 0.3247825 0.3122565 0.2998167 0.2874638 0.2751999 0.2630284 0.2509537 0.2389817 0.2271193 0.215375 0.2037584 0.1922805 0.1809538 0.1697917 0.1588093 0.1480227 0.1374495 0.1271081 0.1170183 0.1072008 0.09767722 0.08847003 0.07960244 0.07109816 0.06298134 0.05527637 0.04800772 0.0411997 0.03487629 0.02906087 0.02377603 0.0190433 0.01488289 0.01131344
0.7665137 0.7487338 0.7312065 0.7139332 0.6969138 0.6801468 0.6636295 0.6473582 0.6313282 0.6155337 0.5999686 0.5846256 0.5694973 0.5545757 0.5398526 0.5253193 0.5109673 0.4967879 0.4827723 0.4689122 0.4551992 0.4416254 0.4281831 0.4148653 0.4016653 0.388577 0.3755953 0.3627153 0.3499334 0.3372465 0.3246526 0.3121505 0.2997401 0.2874225 0.2751997 0.2630749 0.2510525 0.2391381 0.2273386 0.2156621 0.204118 0.1927169 0.1814708 0.1703928 0.1594975 0.1488006 0.1383188 0.1280703 0.118074 0.1083502 0.09891972 0.08980453 0.08102712 0.0726106 0.06457851 0.05695466 0.04976296 0.04302723 0.03677098 0.03101721 0.02578819 0.02110518 0.01698822 0.01345585
0.7667179 0.7489583 0.7314454 0.7141811 0.6971655 0.6803976 0.6638753 0.6475952 0.6315531 0.6157438 0.6001614 0.5847995 0.569651 0.5547084 0.539964 0.5254095 0.5110371 0.4968383 0.482805 0.4689293 0.4552031 0.441619 0.4281698 0.4148488 0.4016495 0.3885664 0.3755944 0.3627291 0.3499669 0.3373051 0.3247417 0.3122757 0.2999071 0.287637 0.2754673 0.2634013 0.2514432 0.2395985 0.2278739 0.2162772 0.2048174 0.193505 0.1823515 0.1713696 0.1605733 0.1499778 0.1395994 0.1294556 0.1195649 0.1099466 0.1006212 0.09160981 0.08293435 0.07461725 0.06668141 0.05915003 0.0520464 0.0453938 0.03921523 0.03353322 0.02836963 0.02374541 0.01968033 0.01619275
