Netlogomodel&data/dec.asc
ncols         538
nrows         625
xllcorner     13971.229991268
yllcorner     307553.43172548
cellsize      499.15082271881
NODATA_value  -9999
[rows 348 to 376 of 625, columns 320 to 383 of 538]
0.474626 0.4770918 0.4789281 0.4800512 0.4803759 0.4798183 0.4782996 0.4757501 0.472113 0.4673494 0.4614421 0.4544 0.4462601 0.4370892 0.4269834 0.4160661 0.4044837 0.3924007 0.3799927 0.3674398 0.3549196 0.3426007 0.330638 0.3191682 0.3083075 0.2981508 0.2887715 0.2802227 0.272539 0.2657386 0.2598262 0.2547948 0.2506287 0.2473051 0.2447963 0.2430708 0.2420951 0.2418343 0.2422528 0.2433148 0.2449848 0.2472276 0.2500084 0.2532926 0.257046 0.2612342 0.2658229 0.2707775 0.2760631 0.2816441 0.2874845 0.2935477 0.2997964 0.3061929 0.3126994 0.3192777 0.3258898 0.3324984 0.3390669 0.3455596 0.3519427 0.3581842 0.3642542 0.3701254
0.4703507 0.4725542 0.4741506 0.4750648 0.4752214 0.4745474 0.4729753 0.4704462 0.4669139 0.4623483 0.4567392 0.450099 0.4424649 0.4338996 0.4244909 0.4143499 0.4036072 0.3924088 0.3809104 0.3692715 0.3576502 0.3461973 0.3350522 0.3243394 0.3141665 0.3046227 0.2957788 0.287688 0.2803872 0.2738989 0.2682328 0.2633881 0.2593555 0.2561187 0.2536566 0.2519438 0.2509526 0.2506533 0.251015 0.2520065 0.2535957 0.2557509 0.2584399 0.2616306 0.2652905 0.2693872 0.2738874 0.2787575 0.2839633 0.2894697 0.2952406 0.3012395 0.3074289 0.3137706 0.3202262 0.3267567 0.3333235 0.3398882 0.3464133 0.3528621 0.3591998 0.3653934 0.3714121 0.3772279
0.4658149 0.4677643 0.4691305 0.469847 0.4698474 0.4690686 0.4674532 0.4649521 0.4615281 0.4571589 0.4518398 0.4455858 0.4384338 0.4304424 0.4216917 0.4122817 0.4023288 0.3919627 0.3813213 0.3705462 0.3597778 0.349151 0.3387913 0.328812 0.3193121 0.3103751 0.3020688 0.294446 0.2875449 0.2813907 0.2759975 0.2713695 0.2675027 0.2643867 0.2620058 0.2603403 0.2593677 0.2590631 0.2594001 0.2603513 0.2618885 0.2639828 0.2666049 0.2697251 0.2733127 0.277337 0.2817661 0.2865674 0.2917072 0.2971511 0.3028633 0.3088073 0.3149453 0.3212391 0.3276494 0.3341369 0.3406621 0.3471858 0.3536696 0.3600762 0.3663695 0.3725158 0.3784835 0.3842438
0.4611014 0.4628086 0.4639583 0.4644912 0.4643499 0.4634801 0.461833 0.4593686 0.4560573 0.4518832 0.4468459 0.4409627 0.4342693 0.4268205 0.4186892 0.4099654 0.400753 0.3911671 0.38133 0.3713675 0.3614045 0.3515615 0.3419516 0.3326777 0.3238306 0.3154884 0.3077156 0.3005636 0.2940714 0.2882663 0.2831656 0.2787773 0.2751022 0.2721347 0.2698639 0.2682752 0.2673505 0.2670695 0.2674098 0.2683477 0.2698584 0.271916 0.2744938 0.2775643 0.2810989 0.2850682 0.289442 0.2941885 0.2992751 0.3046676 0.3103308 0.3162282 0.322322 0.3285736 0.3349436 0.341392 0.3478788 0.3543639 0.3608083 0.3671736 0.3734233 0.3795227 0.3854394 0.3911439
0.4562834 0.4577635 0.4587124 0.4590783 0.4588113 0.457865 0.4561989 0.4537801 0.4505858 0.4466052 0.4418417 0.4363137 0.4300557 0.4231187 0.4155692 0.407488 0.398968 0.3901115 0.3810271 0.3718265 0.362621 0.3535185 0.3446206 0.3360209 0.3278027 0.3200385 0.3127896 0.3061057 0.3000257 0.2945784 0.2897832 0.2856517 0.2821882 0.2793913 0.2772543 0.2757667 0.2749148 0.274682 0.2750499 0.2759981 0.2775047 0.2795469 0.2821003 0.2851395 0.2886381 0.2925681 0.2969006 0.301605 0.3066494 0.3120004 0.317623 0.323481 0.3295367 0.3357512 0.3420848 0.3484973 0.3549478 0.3613961 0.367802 0.3741268 0.3803331 0.3863854 0.3922509 0.3978994
0.4514251 0.4526947 0.4534603 0.4536765 0.4533004 0.4522928 0.4506198 0.4482552 0.4451817 0.4413929 0.4368947 0.4317064 0.4258612 0.4194063 0.4124022 0.4049217 0.3970478 0.3888716 0.3804898 0.3720017 0.3635066 0.355101 0.3468765 0.3389181 0.3313021 0.324096 0.3173573 0.311134 0.3054646 0.3003784 0.2958967 0.2920336 0.2887963 0.2861868 0.2842022 0.2828357 0.282077 0.2819133 0.2823291 0.2833075 0.2848294 0.2868745 0.2894207 0.2924449 0.2959223 0.2998266 0.30413 0.3088031 0.3138149 0.3191326 0.3247218 0.3305463 0.3365686 0.3427498 0.3490501 0.3554287 0.3618446 0.3682568 0.3746247 0.3809089 0.3870714 0.3930763 0.3988899 0.4044817
0.4465815 0.4476585 0.4482587 0.4483429 0.4478743 0.4468198 0.4451518 0.4428493 0.4398997 0.4363002 0.4320587 0.4271947 0.4217401 0.4157385 0.409245 0.4023251 0.3950533 0.3875107 0.3797836 0.3719604 0.3641297 0.3563781 0.3487884 0.3414375 0.3343956 0.327725 0.32148 0.3157063 0.3104416 0.3057157 0.3015508 0.297963 0.2949619 0.2925524 0.2907345 0.2895045 0.2888555 0.2887775 0.2892583 0.2902836 0.2918369 0.2939003 0.2964541 0.2994769 0.3029456 0.3068355 0.3111202 0.3157711 0.3207582 0.3260493 0.3316105 0.3374061 0.3433986 0.3495493 0.355818 0.362164 0.3685457 0.3749217 0.3812512 0.3874942 0.3936121 0.3995684 0.4053292 0.4108633
0.4417994 0.4427017 0.4431545 0.443124 0.4425788 0.4414913 0.4398389 0.4376054 0.4347821 0.4313688 0.427375 0.4228203 0.4177348 0.4121589 0.4061429 0.3997458 0.3930343 0.3860811 0.3789631 0.3717593 0.364549 0.35741 0.3504169 0.3436397 0.3371427 0.3309837 0.3252135 0.3198758 0.315007 0.3106368 0.3067883 0.3034787 0.3007198 0.2985186 0.2968776 0.2957959 0.2952692 0.2952903 0.2958497 0.2969353 0.2985333 0.3006278 0.3032012 0.3062338 0.3097042 0.313589 0.3178631 0.322499 0.3274675 0.3327372 0.3382746 0.3440444 0.3500094 0.3561308 0.3623687 0.368682 0.375029 0.3813681 0.3876579 0.3938582 0.3999299 0.4058362 0.4115427 0.417018
0.4371174 0.4378628 0.4381858 0.4380571 0.4374503 0.4363424 0.4347154 0.4325568 0.4298611 0.4266303 0.4228751 0.4186147 0.4138776 0.4087012 0.4031312 0.3972211 0.3910308 0.3846254 0.3780736 0.3714462 0.3648143 0.3582478 0.3518144 0.3455775 0.3395962 0.333924 0.3286084 0.3236908 0.3192065 0.3151848 0.3116491 0.3086175 0.3061033 0.3041151 0.3026579 0.3017328 0.3013377 0.301468 0.3021163 0.3032728 0.3049259 0.3070617 0.3096641 0.3127154 0.3161955 0.3200826 0.3243524 0.3289787 0.3339331 0.3391848 0.344701 0.3504466 0.356385 0.3624774 0.3686839 0.3749635 0.3812743 0.3875746 0.3938227 0.3999781 0.4060015 0.4118557 0.417506 0.4229208
0.4325669 0.4331728 0.4333825 0.4331712 0.4325166 0.4313999 0.4298066 0.4277277 0.4251601 0.4221077 0.4185817 0.414601 0.4101924 0.4053906 0.4002372 0.3947806 0.3890748 0.3831781 0.3771523 0.3710608 0.3649675 0.3589356 0.3530261 0.347297 0.3418024 0.3365918 0.3317096 0.3271951 0.3230822 0.3193994 0.3161703 0.3134136 0.3111437 0.3093706 0.3081008 0.3073374 0.3070803 0.3073269 0.3080717 0.3093071 0.3110231 0.3132075 0.3158462 0.3189228 0.3224187 0.3263133 0.3305833 0.3352037 0.3401467 0.3453823 0.3508783 0.3566001 0.3625114 0.3685737 0.3747472 0.380991 0.3872631 0.3935219 0.3997254 0.405833 0.4118053 0.4176048 0.4231967 0.4285491
0.4281732 0.4286559 0.4287681 0.4284886 0.4277987 0.4266832 0.425131 0.4231354 0.4206957 0.4178168 0.4145106 0.4107954 0.4066964 0.4022455 0.397481 0.3924465 0.3871909 0.3817667 0.3762293 0.3706357 0.3650437 0.3595102 0.3540906 0.3488378 0.3438014 0.3390273 0.3345571 0.3304276 0.3266715 0.3233165 0.3203859 0.3178988 0.3158703 0.3143115 0.3132302 0.3126312 0.3125158 0.3128832 0.3137296 0.3150491 0.3168333 0.3190719 0.3217519 0.3248583 0.328374 0.3322793 0.3365523 0.3411686 0.3461014 0.3513214 0.3567968 0.3624939 0.3683764 0.3744063 0.3805441 0.3867489 0.392979 0.3991926 0.4053479 0.4114042 0.4173219 0.4230636 0.4285943 0.4338821
0.4239558 0.4243307 0.4243597 0.424025 0.4233112 0.4222059 0.4207006 0.4187911 0.4164782 0.4137678 0.410672 0.4072085 0.4034009 0.3992788 0.394877 0.3902355 0.3853982 0.3804126 0.3753286 0.3701977 0.3650718 0.3600026 0.3550406 0.3502339 0.3456281 0.3412659 0.3371858 0.3334229 0.3300081 0.3269684 0.3243267 0.3221021 0.3203101 0.3189628 0.3180689 0.3176344 0.3176621 0.3181524 0.3191032 0.32051 0.3223658 0.3246616 0.3273858 0.3305248 0.3340624 0.3379802 0.3422571 0.3468698 0.351792 0.3569953 0.3624486 0.3681186 0.3739694 0.3799637 0.3860619 0.3922237 0.3984075 0.4045716 0.4106744 0.4166751 0.4225343 0.4282147 0.4336811 0.4389018
0.4199293 0.4202105 0.4201696 0.4197916 0.4190637 0.4179763 0.4165229 0.4147012 0.4125133 0.4099661 0.4070713 0.4038461 0.4003128 0.3964985 0.3924353 0.3881594 0.3837108 0.3791324 0.3744693 0.3697679 0.3650754 0.3604386 0.3559034 0.351514 0.3473124 0.3433378 0.3396266 0.3362114 0.333122 0.3303842 0.3280204 0.3260497 0.3244878 0.3233473 0.3226378 0.322366 0.3225361 0.3231496 0.3242056 0.3257007 0.3276294 0.3299837 0.3327534 0.3359258 0.339486 0.3434162 0.3476966 0.3523045 0.3572145 0.362399 0.3678273 0.3734667 0.3792821 0.3852363 0.3912904 0.3974043 0.4035367 0.4096462 0.4156915 0.421632 0.4274283 0.4330432 0.438442 0.4435927
0.4161041 0.4163047 0.4162059 0.415795 0.4150617 0.4139986 0.412601 0.4108681 0.4088031 0.4064132 0.4037103 0.4007106 0.3974351 0.393909 0.3901617 0.3862262 0.3821388 0.3779384 0.3736659 0.3693635 0.3650737 0.3608394 0.3567022 0.3527027 0.3488797 0.3452694 0.3419057 0.3388197 0.3360393 0.3335893 0.3314917 0.3297652 0.3284256 0.3274859 0.3269561 0.3268438 0.3271539 0.327889 0.3290491 0.330632 0.3326332 0.3350457 0.3378604 0.3410656 0.3446473 0.3485887 0.3528707 0.3574715 0.3623665 0.3675286 0.372928 0.3785326 0.3843077 0.3902167 0.3962213 0.4022816 0.408357 0.4144063 0.4203886 0.4262635 0.4319921 0.4375374 0.4428647 0.4479425
0.4124871 0.4126189 0.4124728 0.4120384 0.4113073 0.4102738 0.408935 0.4072911 0.4053462 0.4031079 0.4005877 0.3978013 0.3947682 0.3915118 0.3880592 0.3844405 0.3806888 0.3768395 0.3729296 0.3689975 0.3650821 0.361222 0.3574556 0.3538202 0.3503514 0.3470829 0.3440463 0.3412708 0.338783 0.3366065 0.3347627 0.3332699 0.3321438 0.3313975 0.3310415 0.3310839 0.3315302 0.3323838 0.3336455 0.3353141 0.3373859 0.3398549 0.3427128 0.3459487 0.3495496 0.3534996 0.3577802 0.3623705 0.3672465 0.372382 0.3777477 0.3833122 0.3890415 0.3948995 0.4008484 0.406849 0.4128612 0.4188442 0.4247576 0.4305615 0.4362172 0.4416882 0.4469402 0.4519418
0.409082 0.4091558 0.4089721 0.4085222 0.4077997 0.4068002 0.4055222 0.403967 0.4021391 0.4000463 0.3977 0.3951151 0.3923098 0.3893059 0.3861282 0.3828045 0.3793649 0.3758416 0.3722684 0.3686801 0.3651123 0.3616003 0.3581793 0.3548835 0.3517457 0.3487973 0.3460679 0.3435847 0.3413731 0.3394556 0.3378528 0.3365825 0.3356603 0.3350993 0.3349101 0.3351012 0.3356787 0.3366464 0.3380061 0.339757 0.3418962 0.3444186 0.3473166 0.3505802 0.3541969 0.3581517 0.362427 0.3670024 0.3718547 0.3769584 0.3822849 0.3878034 0.3934807 0.3992812 0.405168 0.4111023 0.4170446 0.4229549 0.4287933 0.4345202 0.4400978 0.4454898 0.4506623 0.4555844
0.4058904 0.4059157 0.4057027 0.4052444 0.4045358 0.4035739 0.4023582 0.4008907 0.3991764 0.3972232 0.3950422 0.3926474 0.3900561 0.3872885 0.3843674 0.3813182 0.3781687 0.3749482 0.3716876 0.3684186 0.3651737 0.3619853 0.3588857 0.3559062 0.3530775 0.3504286 0.347987 0.3457785 0.3438269 0.3421539 0.340779 0.3397198 0.3389913 0.3386065 0.3385763 0.3389093 0.3396119 0.3406885 0.3421412 0.3439699 0.3461724 0.3487441 0.3516782 0.3549652 0.3585935 0.3625487 0.3668138 0.3713691 0.3761924 0.3812584 0.3865396 0.3920058 0.3976244 0.4033608 0.4091784 0.4150396 0.4209053 0.4267362 0.4324931 0.4381372 0.4436312 0.4489393 0.4540282 0.4588675
0.4029114 0.4028968 0.4026619 0.4022013 0.4015111 0.4005895 0.3994367 0.3980555 0.3964511 0.3946315 0.3926074 0.3903921 0.3880017 0.3854551 0.3827735 0.3799801 0.3771003 0.374161 0.3711906 0.368218 0.365273 0.3623854 0.3595846 0.3568999 0.3543594 0.3519901 0.3498179 0.3478668 0.3461594 0.3447163 0.3435563 0.3426962 0.3421508 0.3419329 0.3420533 0.3425206 0.3433415 0.3445208 0.3460608 0.3479621 0.3502227 0.3528388 0.355804 0.3591096 0.3627444 0.3666947 0.3709441 0.3754738 0.3802618 0.3852841 0.3905135 0.3959206 0.4014737 0.4071388 0.4128803 0.4186612 0.4244433 0.4301882 0.4358573 0.4414126 0.4468175 0.4520369 0.4570382 0.4617912
0.4001428 0.4000956 0.3998454 0.3993876 0.3987195 0.3978401 0.3967505 0.3954538 0.3939556 0.3922636 0.3903881 0.388342 0.3861403 0.3838005 0.3813422 0.378787 0.376158 0.3734801 0.3707791 0.3680817 0.3654151 0.3628068 0.3602839 0.3578734 0.3556013 0.3534929 0.3515722 0.349862 0.3483833 0.3471559 0.3461977 0.3455249 0.3451518 0.3450908 0.3453528 0.3459463 0.3468782 0.3481532 0.3497742 0.351742 0.354055 0.3567099 0.3597007 0.3630193 0.366655 0.3705946 0.3748225 0.3793202 0.3840668 0.3890387 0.3942095 0.3995507 0.4050312 0.4106179 0.4162762 0.4219698 0.4276615 0.4333137 0.4388887 0.4443494 0.4496599 0.4547858 0.4596953 0.4643589
0.3975807 0.3975077 0.3972476 0.3967969 0.3961538 0.3953182 0.3942914 0.3930772 0.391681 0.3901107 0.3883762 0.3864895 0.3844648 0.3823184 0.3800685 0.377735 0.3753393 0.3729042 0.3704533 0.3680113 0.3656032 0.3632542 0.3609895 0.3588339 0.3568116 0.3549462 0.35326 0.3517745 0.3505096 0.3494839 0.3487145 0.348217 0.3480052 0.3480912 0.3484855 0.3491967 0.3502316 0.3515951 0.3532902 0.3553179 0.3576771 0.3603646 0.363375 0.3667005 0.370331 0.3742539 0.3784539 0.3829134 0.387612 0.3925268 0.3976322 0.4029005 0.4083014 0.4138028 0.4193709 0.4249703 0.4305648 0.4361178 0.4415926 0.4469529 0.4521638 0.4571918 0.4620056 0.4665765
0.3952205 0.3951274 0.3948622 0.3944222 0.3938065 0.3930152 0.3920507 0.3909165 0.3896184 0.388164 0.3865627 0.3848261 0.3829675 0.381002 0.3789465 0.3768195 0.3746406 0.372431 0.3702123 0.3680073 0.3658391 0.3637308 0.3617057 0.3597868 0.3579967 0.3563572 0.3548894 0.3536131 0.3525474 0.3517098 0.3511165 0.3507825 0.350721 0.3509438 0.351461 0.3522811 0.3534109 0.3548551 0.3566171 0.3586978 0.3610964 0.3638101 0.3668337 0.3701599 0.3737789 0.3776786 0.3818444 0.3862592 0.3909032 0.3957542 0.4007874 0.4059759 0.4112904 0.4166996 0.4221706 0.4276692 0.4331602 0.4386078 0.4439766 0.4492312 0.4543376 0.4592632 0.4639777 0.468453
0.3930566 0.3929484 0.3926821 0.3922558 0.391669 0.3909226 0.3900191 0.3889625 0.3877583 0.386414 0.3849387 0.3833433 0.3816404 0.379844 0.3779698 0.376035 0.3740578 0.3720575 0.3700544 0.3680693 0.3661234 0.3642383 0.3624355 0.3607364 0.3591618 0.3577321 0.356467 0.3553853 0.3545047 0.3538419 0.3534123 0.3532301 0.353308 0.3536574 0.354288 0.3552081 0.3564243 0.3579415 0.3597627 0.3618893 0.3643205 0.3670536 0.3700838 0.3734042 0.3770053 0.3808754 0.3850006 0.3893641 0.3939469 0.3987276 0.4036821 0.4087842 0.4140056 0.4193161 0.4246836 0.4300751 0.4354564 0.440793 0.4460503 0.4511941 0.4561915 0.4610108 0.4656225 0.4699993
0.3910827 0.3909638 0.3906997 0.3902894 0.3897328 0.3890313 0.3881875 0.3872056 0.3860912 0.3848514 0.3834951 0.3820325 0.3804753 0.3788369 0.3771318 0.3753759 0.3735861 0.3717802 0.369977 0.3681957 0.3664561 0.3647779 0.3631811 0.3616855 0.3603107 0.3590755 0.3579985 0.3570971 0.3563882 0.3558873 0.3556093 0.3555675 0.355774 0.3562399 0.3569744 0.3579856 0.3592798 0.3608618 0.3627347 0.3648998 0.3673566 0.3701023 0.3731326 0.3764406 0.3800173 0.3838515 0.3879296 0.3922355 0.3967509 0.4014548 0.4063242 0.4113337 0.4164559 0.4216614 0.4269195 0.4321981 0.4374642 0.4426844 0.4478252 0.4528537 0.4577379 0.4624472 0.466953 -9999
0.3892924 0.3891663 0.3889073 0.3885148 0.3879891 0.3873321 0.3865464 0.3856364 0.3846075 0.3834668 0.3822227 0.3808847 0.3794641 0.3779732 0.3764257 0.3748362 0.3732204 0.371595 0.3699772 0.3683848 0.3668361 0.3653495 0.3639434 0.3626364 0.3614464 0.3603913 0.3594882 0.3587537 0.3582034 0.3578522 0.3577139 0.3578013 0.358126 0.3586983 0.3595273 0.3606207 0.3619845 0.3636234 0.3655404 0.3677368 0.370212 0.3729636 0.3759873 0.3792764 0.3828224 0.3866144 0.3906393 0.3948815 0.3993233 0.4039446 0.408723 0.4136339 0.418651 0.4237461 0.4288892 0.4340496 0.4391954 0.4442944 0.4493144 0.4542234 0.4589908 0.4635869 -9999 -9999
0.3876786 0.3875485 0.3872969 0.3869235 0.3864291 0.3858158 0.3850864 0.3842453 0.3832979 0.3822509 0.3811123 0.3798914 0.3785985 0.3772453 0.3758444 0.3744097 0.3729556 0.3714975 0.3700515 0.3686341 0.3672621 0.3659527 0.364723 0.3635902 0.3625711 0.3616823 0.3609398 0.3603592 0.3599552 0.3597417 0.3597318 0.3599377 0.3603702 0.3610393 0.3619536 0.3631203 0.3645453 0.3662332 0.3681867 0.3704072 0.3728939 0.3756447 0.3786553 0.3819193 0.3854285 0.3891723 0.393138 0.3973108 0.4016733 0.4062063 0.4108881 0.4156952 0.4206021 0.4255815 0.4306048 0.4356423 0.4406634 0.445637 0.4505321 0.4553182 0.4599655 0.4644456 0.4687318 -9999
0.3862344 0.3861028 0.3858603 0.3855069 0.3850439 0.3844733 0.3837983 0.3830231 0.3821529 0.3811945 0.3801552 0.3790439 0.3778704 0.3766456 0.3753813 0.3740903 0.3727862 0.3714833 0.3701963 0.3689407 0.3677322 0.3665865 0.3655197 0.3645477 0.3636863 0.3629508 0.3623562 0.3619172 0.3616475 0.3615604 0.361668 0.3619818 0.3625123 0.3632686 0.3642592 0.3654907 0.3669689 0.368698 0.3706806 0.372918 0.3754095 0.378153 0.3811441 0.384377 0.3878434 0.3915333 0.3954344 0.3995323 0.4038103 0.4082499 0.4128303 0.4175287 0.4223206 0.4271799 0.4320792 0.4369897 0.4418822 0.4467268 0.4514938 0.4561539 0.4606785 0.4650403 0.4692136 0.473175
0.3849525 0.3848215 0.3845895 0.3842568 0.3838249 0.3832959 0.382673 0.3819606 0.3811637 0.3802886 0.3793426 0.378334 0.3772719 0.3761667 0.3750294 0.3738719 0.3727069 0.3715475 0.3704077 0.3693017 0.3682441 0.3672495 0.366333 0.3655092 0.3647929 0.3641984 0.3637398 0.3634307 0.3632841 0.3633123 0.3635269 0.3639386 0.3645574 0.3653919 0.3664499 0.3677379 0.3692614 0.3710241 0.3730287 0.3752762 0.377766 0.3804958 0.3834616 0.3866575 0.3900757 0.3937063 0.3975376 0.4015556 0.4057444 0.410086 0.4145605 0.4191459 0.4238189 0.4285544 0.4333258 0.438106 0.4428667 0.4475794 0.4522156 0.4567473 0.461147 0.4653887 0.4694476 0.4733013
0.3838257 0.3836972 0.3834766 0.3831649 0.3827634 0.3822747 0.3817018 0.381049 0.3803213 0.3795247 0.3786662 0.3777535 0.3767954 0.3758015 0.3747821 0.3737484 0.3727121 0.3716857 0.3706819 0.3697139 0.3687955 0.3679402 0.3671619 0.3664744 0.3658914 0.3654264 0.3650923 0.364902 0.3648677 0.3650009 0.3653124 0.3658125 0.3665102 0.367414 0.3685311 0.3698677 0.3714287 0.3732179 0.3752375 0.3774885 0.3799703 0.3826805 0.3856153 0.3887689 0.3921336 0.3957001 0.3994569 0.4033906 0.4074859 0.4117255 0.4160903 0.4205592 0.4251098 0.4297181 0.4343589 0.4390059 0.4436323 0.4482108 0.4527142 0.4571156 0.4613889 0.465509 0.4694525 0.4731975
0.382847 0.3827222 0.3825139 0.3822231 0.3818514 0.3814013 0.3808762 0.3802799 0.3796174 0.3788945 0.3781178 0.3772947 0.3764334 0.3755429 0.374633 0.3737139 0.3727968 0.371893 0.3710147 0.3701741 0.3693838 0.3686567 0.3680055 0.3674431 0.3669823 0.3666357 0.3664154 0.3663334 0.3664011 0.3666293 0.3670282 0.3676073 0.3683753 0.3693399 0.3705081 0.3718855 0.3734768 0.3752854 0.3773135 0.3795618 0.3820296 0.3847147 0.3876131 0.3907193 0.3940259 0.3975238 0.4012019 0.4050474 0.4090455 0.4131796 0.4174314 0.4217808 0.4262064 0.430685 0.4351928 0.4397045 0.4441947 0.4486373 0.4530064 0.4572762 0.461422 0.4654198 0.4692471 0.4728831
